Timestamp,gpu0r0,gpu0w0,gpu0r1,gpu0w1,gpu0r2,gpu0w2,gpu0r3,gpu0w3,gpu0r4,gpu0w4,gpu0r5,gpu0w5,gpu0r6,gpu0w6,gpu0r7,gpu0w7,gpu1r0,gpu1w0,gpu1r1,gpu1w1,gpu1r2,gpu1w2,gpu1r3,gpu1w3,gpu1r4,gpu1w4,gpu1r5,gpu1w5,gpu1r6,gpu1w6,gpu1r7,gpu1w7,gpu2r0,gpu2w0,gpu2r1,gpu2w1,gpu2r2,gpu2w2,gpu2r3,gpu2w3,gpu2r4,gpu2w4,gpu2r5,gpu2w5,gpu2r6,gpu2w6,gpu2r7,gpu2w7,gpu3r0,gpu3w0,gpu3r1,gpu3w1,gpu3r2,gpu3w2,gpu3r3,gpu3w3,gpu3r4,gpu3w4,gpu3r5,gpu3w5,gpu3r6,gpu3w6,gpu3r7,gpu3w7,gpu4r0,gpu4w0,gpu4r1,gpu4w1,gpu4r2,gpu4w2,gpu4r3,gpu4w3,gpu4r4,gpu4w4,gpu4r5,gpu4w5,gpu4r6,gpu4w6,gpu4r7,gpu4w7,gpu5r0,gpu5w0,gpu5r1,gpu5w1,gpu5r2,gpu5w2,gpu5r3,gpu5w3,gpu5r4,gpu5w4,gpu5r5,gpu5w5,gpu5r6,gpu5w6,gpu5r7,gpu5w7,gpu6r0,gpu6w0,gpu6r1,gpu6w1,gpu6r2,gpu6w2,gpu6r3,gpu6w3,gpu6r4,gpu6w4,gpu6r5,gpu6w5,gpu6r6,gpu6w6,gpu6r7,gpu6w7,gpu7r0,gpu7w0,gpu7r1,gpu7w1,gpu7r2,gpu7w2,gpu7r3,gpu7w3,gpu7r4,gpu7w4,gpu7r5,gpu7w5,gpu7r6,gpu7w6,gpu7r7,gpu7w7
1744470176,N/A,N/A,72189341805,72836529159,76029987292,75385954132,73961571824,73517261836,76765447401,75686368055,75047305512,74883489815,75189837037,74399230195,75845301242,76267348784",0,0,N/A,N/A,75892971132,75438563279,73447996571,72998547949,72300886815,74024747519,75046194664,74997659425,75018125212,75693517143,76267348783,75845301242",0,0,75163409806,74918863552,N/A,N/A,74486201343,73934920646,74822538421,74758609515,74798667235,74902131659,74883489814,75047305511,73279763181,72739748674",0,0,73180204714,72665014831,75037002559,75229259445,N/A,N/A,75308365716,75331485256,75693540089,75018125211,74902131658,74798667234,73248665677,72700145224",0,0,74379846021,74679287504,75229259412,75037002559,73517261836,73961571823,N/A,N/A,74997659424,75046194663,73337630694,73982885936,75472388387,75835949554",0,0,74752459624,75040326692,74984565903,74150960467,72996532055,73447385999,75331485256,75308365715,N/A,N/A,74399230194,75189837036,75376444715,75320934606",0,0,74679287503,74379846020,75385954131,76029987291,73895313282,73934775863,75592370152,74649369399,75071623032,74927837036,N/A,N/A,72103648035,73075310759",0,0,75040326691,74752459622,75438563278,75892971132,73934920678,74486201375,74795516356,76562184991,75701532545,75229346553,74006257467,73851502250,N/A,N/A"
1744470177,N/A,N/A,72189341805,72836529159,76029987292,75385954132,73961571824,73517261836,76765447401,75686368055,75047305512,74883489815,75189837037,74399230195,75845301242,76267348784",0,0,N/A,N/A,75892971132,75438563279,73447996571,72998547949,72300886815,74024747519,75046194664,74997659425,75018125212,75693517143,76267348783,75845301242",0,0,75163409806,74918863552,N/A,N/A,74486201343,73934920646,74822538421,74758609515,74798667235,74902131659,74883489814,75047305511,73279763181,72739748674",0,0,73180204714,72665014831,75037002559,75229259445,N/A,N/A,75308365716,75331485256,75693540089,75018125211,74902131658,74798667234,73248665677,72700145224",0,0,74379846021,74679287504,75229259412,75037002559,73517261836,73961571823,N/A,N/A,74997659424,75046194663,73337630694,73982885936,75472388387,75835949554",0,0,74752459624,75040326692,74984565903,74150960467,72996532055,73447385999,75331485256,75308365715,N/A,N/A,74399230194,75189837036,75376444715,75320934606",0,0,74679287503,74379846020,75385954131,76029987291,73895313282,73934775863,75592370152,74649369399,75071623032,74927837036,N/A,N/A,72103648035,73075310759",0,0,75040326691,74752459622,75438563278,75892971132,73934920678,74486201375,74795516356,76562184991,75701532545,75229346553,74006257467,73851502250,N/A,N/A"
1744470179,N/A,N/A,72189341805,72836529159,76029987292,75385954132,73961571824,73517261836,76765447401,75686368055,75047305512,74883489815,75189837037,74399230195,75845301242,76267348784",0,0,N/A,N/A,75892971132,75438563279,73447996571,72998547949,72300886815,74024747519,75046194664,74997659425,75018125212,75693517143,76267348783,75845301242",0,0,75163409806,74918863552,N/A,N/A,74486201343,73934920646,74822538421,74758609515,74798667235,74902131659,74883489814,75047305511,73279763181,72739748674",0,0,73180204714,72665014831,75037002559,75229259445,N/A,N/A,75308365716,75331485256,75693540089,75018125211,74902131658,74798667234,73248665677,72700145224",0,0,74379846021,74679287504,75229259412,75037002559,73517261836,73961571823,N/A,N/A,74997659424,75046194663,73337630694,73982885936,75472388387,75835949554",0,0,74752459624,75040326692,74984565903,74150960467,72996532055,73447385999,75331485256,75308365715,N/A,N/A,74399230194,75189837036,75376444715,75320934606",0,0,74679287503,74379846020,75385954131,76029987291,73895313282,73934775863,75592370152,74649369399,75071623032,74927837036,N/A,N/A,72103648035,73075310759",0,0,75040326691,74752459622,75438563278,75892971132,73934920678,74486201375,74795516356,76562184991,75701532545,75229346553,74006257467,73851502250,N/A,N/A"
1744470180,N/A,N/A,72189341805,72836529159,76029987292,75385954132,73961571824,73517261836,76765447401,75686368055,75047305512,74883489815,75189837037,74399230195,75845301242,76267348784",0,0,N/A,N/A,75892971132,75438563279,73447996571,72998547949,72300886815,74024747519,75046194664,74997659425,75018125212,75693517143,76267348783,75845301242",0,0,75163409806,74918863552,N/A,N/A,74486201343,73934920646,74822538421,74758609515,74798667235,74902131659,74883489814,75047305511,73279763181,72739748674",0,0,73180204714,72665014831,75037002559,75229259445,N/A,N/A,75308365716,75331485256,75693540089,75018125211,74902131658,74798667234,73248665677,72700145224",0,0,74379846021,74679287504,75229259412,75037002559,73517261836,73961571823,N/A,N/A,74997659424,75046194663,73337630694,73982885936,75472388387,75835949554",0,0,74752459624,75040326692,74984565903,74150960467,72996532055,73447385999,75331485256,75308365715,N/A,N/A,74399230194,75189837036,75376444715,75320934606",0,0,74679287503,74379846020,75385954131,76029987291,73895313282,73934775863,75592370152,74649369399,75071623032,74927837036,N/A,N/A,72103648035,73075310759",0,0,75040326691,74752459622,75438563278,75892971132,73934920678,74486201375,74795516356,76562184991,75701532545,75229346553,74006257467,73851502250,N/A,N/A"
1744470182,N/A,N/A,72189341805,72836529159,76029987292,75385954132,73961571824,73517261836,76765447401,75686368055,75047305512,74883489815,75189837037,74399230195,75845301242,76267348784",0,0,N/A,N/A,75892971132,75438563279,73447996571,72998547949,72300886815,74024747519,75046194664,74997659425,75018125212,75693517143,76267348783,75845301242",0,0,75163409806,74918863552,N/A,N/A,74486201343,73934920646,74822538421,74758609515,74798667235,74902131659,74883489814,75047305511,73279763181,72739748674",0,0,73180204714,72665014831,75037002559,75229259445,N/A,N/A,75308365716,75331485256,75693540089,75018125211,74902131658,74798667234,73248665677,72700145224",0,0,74379846021,74679287504,75229259412,75037002559,73517261836,73961571823,N/A,N/A,74997659424,75046194663,73337630694,73982885936,75472388387,75835949554",0,0,74752459624,75040326692,74984565903,74150960467,72996532055,73447385999,75331485256,75308365715,N/A,N/A,74399230194,75189837036,75376444715,75320934606",0,0,74679287503,74379846020,75385954131,76029987291,73895313282,73934775863,75592370152,74649369399,75071623032,74927837036,N/A,N/A,72103648035,73075310759",0,0,75040326691,74752459622,75438563278,75892971132,73934920678,74486201375,74795516356,76562184991,75701532545,75229346553,74006257467,73851502250,N/A,N/A"
1744470184,N/A,N/A,72189341805,72836529159,76029987292,75385954132,73961571824,73517261836,76765447401,75686368055,75047305512,74883489815,75189837037,74399230195,75845301242,76267348784",0,0,N/A,N/A,75892971132,75438563279,73447996571,72998547949,72300886815,74024747519,75046194664,74997659425,75018125212,75693517143,76267348783,75845301242",0,0,75163409806,74918863552,N/A,N/A,74486201343,73934920646,74822538421,74758609515,74798667235,74902131659,74883489814,75047305511,73279763181,72739748674",0,0,73180204714,72665014831,75037002559,75229259445,N/A,N/A,75308365716,75331485256,75693540089,75018125211,74902131658,74798667234,73248665677,72700145224",0,0,74379846021,74679287504,75229259412,75037002559,73517261836,73961571823,N/A,N/A,74997659424,75046194663,73337630694,73982885936,75472388387,75835949554",0,0,74752459624,75040326692,74984565903,74150960467,72996532055,73447385999,75331485256,75308365715,N/A,N/A,74399230194,75189837036,75376444715,75320934606",0,0,74679287503,74379846020,75385954131,76029987291,73895313282,73934775863,75592370152,74649369399,75071623032,74927837036,N/A,N/A,72103648035,73075310759",0,0,75040326691,74752459622,75438563278,75892971132,73934920678,74486201375,74795516356,76562184991,75701532545,75229346553,74006257467,73851502250,N/A,N/A"
1744470185,N/A,N/A,72189341805,72836529159,76029987292,75385954132,73961571824,73517261836,76765447401,75686368055,75047305512,74883489815,75189837037,74399230195,75845301242,76267348784",0,0,N/A,N/A,75892971132,75438563279,73447996571,72998547949,72300886815,74024747519,75046194664,74997659425,75018125212,75693517143,76267348783,75845301242",0,0,75163409806,74918863552,N/A,N/A,74486201343,73934920646,74822538421,74758609515,74798667235,74902131659,74883489814,75047305511,73279763181,72739748674",0,0,73180204714,72665014831,75037002559,75229259445,N/A,N/A,75308365716,75331485256,75693540089,75018125211,74902131658,74798667234,73248665677,72700145224",0,0,74379846021,74679287504,75229259412,75037002559,73517261836,73961571823,N/A,N/A,74997659424,75046194663,73337630694,73982885936,75472388387,75835949554",0,0,74752459624,75040326692,74984565903,74150960467,72996532055,73447385999,75331485256,75308365715,N/A,N/A,74399230194,75189837036,75376444715,75320934606",0,0,74679287503,74379846020,75385954131,76029987291,73895313282,73934775863,75592370152,74649369399,75071623032,74927837036,N/A,N/A,72103648035,73075310759",0,0,75040326691,74752459622,75438563278,75892971132,73934920678,74486201375,74795516356,76562184991,75701532545,75229346553,74006257467,73851502250,N/A,N/A"
1744470187,N/A,N/A,72189341805,72836529159,76029987292,75385954132,73961571824,73517261836,76765447401,75686368055,75047305512,74883489815,75189837037,74399230195,75845301242,76267348784",0,0,N/A,N/A,75892971132,75438563279,73447996571,72998547949,72300886815,74024747519,75046194664,74997659425,75018125212,75693517143,76267348783,75845301242",0,0,75163409806,74918863552,N/A,N/A,74486201343,73934920646,74822538421,74758609515,74798667235,74902131659,74883489814,75047305511,73279763181,72739748674",0,0,73180204714,72665014831,75037002559,75229259445,N/A,N/A,75308365716,75331485256,75693540089,75018125211,74902131658,74798667234,73248665677,72700145224",0,0,74379846021,74679287504,75229259412,75037002559,73517261836,73961571823,N/A,N/A,74997659424,75046194663,73337630694,73982885936,75472388387,75835949554",0,0,74752459624,75040326692,74984565903,74150960467,72996532055,73447385999,75331485256,75308365715,N/A,N/A,74399230194,75189837036,75376444715,75320934606",0,0,74679287503,74379846020,75385954131,76029987291,73895313282,73934775863,75592370152,74649369399,75071623032,74927837036,N/A,N/A,72103648035,73075310759",0,0,75040326691,74752459622,75438563278,75892971132,73934920678,74486201375,74795516356,76562184991,75701532545,75229346553,74006257467,73851502250,N/A,N/A"
1744470188,N/A,N/A,72189341805,72836529159,76029987292,75385954132,73961571824,73517261836,76765447401,75686368055,75047305512,74883489815,75189837037,74399230195,75845301242,76267348784",0,0,N/A,N/A,75892971132,75438563279,73447996571,72998547949,72300886815,74024747519,75046194664,74997659425,75018125212,75693517143,76267348783,75845301242",0,0,75163409806,74918863552,N/A,N/A,74486201343,73934920646,74822538421,74758609515,74798667235,74902131659,74883489814,75047305511,73279763181,72739748674",0,0,73180204714,72665014831,75037002559,75229259445,N/A,N/A,75308365716,75331485256,75693540089,75018125211,74902131658,74798667234,73248665677,72700145224",0,0,74379846021,74679287504,75229259412,75037002559,73517261836,73961571823,N/A,N/A,74997659424,75046194663,73337630694,73982885936,75472388387,75835949554",0,0,74752459624,75040326692,74984565903,74150960467,72996532055,73447385999,75331485256,75308365715,N/A,N/A,74399230194,75189837036,75376444715,75320934606",0,0,74679287503,74379846020,75385954131,76029987291,73895313282,73934775863,75592370152,74649369399,75071623032,74927837036,N/A,N/A,72103648035,73075310759",0,0,75040326691,74752459622,75438563278,75892971132,73934920678,74486201375,74795516356,76562184991,75701532545,75229346553,74006257467,73851502250,N/A,N/A"
1744470190,N/A,N/A,72189341805,72836529159,76029987292,75385954132,73961571824,73517261836,76765447401,75686368055,75047305512,74883489815,75189837037,74399230195,75845301242,76267348784",0,0,N/A,N/A,75892971132,75438563279,73447996571,72998547949,72300886815,74024747519,75046194664,74997659425,75018125212,75693517143,76267348783,75845301242",0,0,75163409806,74918863552,N/A,N/A,74486201343,73934920646,74822538421,74758609515,74798667235,74902131659,74883489814,75047305511,73279763181,72739748674",0,0,73180204714,72665014831,75037002559,75229259445,N/A,N/A,75308365716,75331485256,75693540089,75018125211,74902131658,74798667234,73248665677,72700145224",0,0,74379846021,74679287504,75229259412,75037002559,73517261836,73961571823,N/A,N/A,74997659424,75046194663,73337630694,73982885936,75472388387,75835949554",0,0,74752459624,75040326692,74984565903,74150960467,72996532055,73447385999,75331485256,75308365715,N/A,N/A,74399230194,75189837036,75376444715,75320934606",0,0,74679287503,74379846020,75385954131,76029987291,73895313282,73934775863,75592370152,74649369399,75071623032,74927837036,N/A,N/A,72103648035,73075310759",0,0,75040326691,74752459622,75438563278,75892971132,73934920678,74486201375,74795516356,76562184991,75701532545,75229346553,74006257467,73851502250,N/A,N/A"
1744470191,N/A,N/A,72189341805,72836529159,76029987292,75385954132,73961571824,73517261836,76765447401,75686368055,75047305512,74883489815,75189837037,74399230195,75845301242,76267348784",0,0,N/A,N/A,75892971132,75438563279,73447996571,72998547949,72300886815,74024747519,75046194664,74997659425,75018125212,75693517143,76267348783,75845301242",0,0,75163409806,74918863552,N/A,N/A,74486201343,73934920646,74822538421,74758609515,74798667235,74902131659,74883489814,75047305511,73279763181,72739748674",0,0,73180204714,72665014831,75037002559,75229259445,N/A,N/A,75308365716,75331485256,75693540089,75018125211,74902131658,74798667234,73248665677,72700145224",0,0,74379846021,74679287504,75229259412,75037002559,73517261836,73961571823,N/A,N/A,74997659424,75046194663,73337630694,73982885936,75472388387,75835949554",0,0,74752459624,75040326692,74984565903,74150960467,72996532055,73447385999,75331485256,75308365715,N/A,N/A,74399230194,75189837036,75376444715,75320934606",0,0,74679287503,74379846020,75385954131,76029987291,73895313282,73934775863,75592370152,74649369399,75071623032,74927837036,N/A,N/A,72103648035,73075310759",0,0,75040326691,74752459622,75438563278,75892971132,73934920678,74486201375,74795516356,76562184991,75701532545,75229346553,74006257467,73851502250,N/A,N/A"
1744470193,N/A,N/A,72189341805,72836529159,76029987292,75385954132,73961571824,73517261836,76765447401,75686368055,75047305512,74883489815,75189837037,74399230195,75845301242,76267348784",0,0,N/A,N/A,75892971132,75438563279,73447996571,72998547949,72300886815,74024747519,75046194664,74997659425,75018125212,75693517143,76267348783,75845301242",0,0,75163409806,74918863552,N/A,N/A,74486201343,73934920646,74822538421,74758609515,74798667235,74902131659,74883489814,75047305511,73279763181,72739748674",0,0,73180204714,72665014831,75037002559,75229259445,N/A,N/A,75308365716,75331485256,75693540089,75018125211,74902131658,74798667234,73248665677,72700145224",0,0,74379846021,74679287504,75229259412,75037002559,73517261836,73961571823,N/A,N/A,74997659424,75046194663,73337630694,73982885936,75472388387,75835949554",0,0,74752459624,75040326692,74984565903,74150960467,72996532055,73447385999,75331485256,75308365715,N/A,N/A,74399230194,75189837036,75376444715,75320934606",0,0,74679287503,74379846020,75385954131,76029987291,73895313282,73934775863,75592370152,74649369399,75071623032,74927837036,N/A,N/A,72103648035,73075310759",0,0,75040326691,74752459622,75438563278,75892971132,73934920678,74486201375,74795516356,76562184991,75701532545,75229346553,74006257467,73851502250,N/A,N/A"
1744470194,N/A,N/A,72189391116,72836577110,76030038674,75386003717,73961621684,73517310226,76765500164,75686420056,75047354323,74883537376,75189888411,74399279674,75845350474,76267396659",0,0,N/A,N/A,75893022181,75438614158,73448046452,72998597220,72300936780,74024796924,75046244334,74997708283,75018174564,75693566635,76267397801,75845351862",0,0,75163460225,74918913628,N/A,N/A,74486254267,73934973633,74822588536,74758659849,74798719091,74902183590,74883540060,75047357324,73279815637,72739800212",0,0,73180256928,72665068727,75037054488,75229312019,N/A,N/A,75308417024,75331536381,75693592210,75018177371,74902185295,74798720907,73248719079,72700197260",0,0,74379899033,74679340835,75229313218,75037056085,73517316114,73961627951,N/A,N/A,74997712269,75046248568,73337685291,73982939435,75472441846,75836003403",0,0,74752515055,75040381941,74984620615,74151016391,72996586907,73447441751,75331539066,75308419928,N/A,N/A,74399286683,75189895860,75376499936,75320989579",0,0,74679343826,74379902198,75386012869,76030048411,73895369468,73934832115,75592426757,74649426824,75071679902,74927893968,N/A,N/A,72103705416,73075369336",0,0,75040384781,74752518077,75438623089,75893031352,73934981243,74486261972,74795579179,76562249274,75701590535,75229405453,74006315335,73851561462,N/A,N/A"
1744470196,N/A,N/A,72189542570,72836724803,76030196260,75386157723,73961774457,73517461735,76765659777,75686578224,75047508126,74883690183,75190049083,74399437503,75845508856,76267554939",0,0,N/A,N/A,75893186337,75438779265,73448208595,72998757723,72301103177,74024962055,75046409653,74997872439,75018341320,75693736166,76267567752,75845523729",0,0,75163633989,74919088448,N/A,N/A,74486432146,73935151241,74822765905,74758837481,74798900266,74902364320,74883718435,75047539902,73279997723,72739980551",0,0,73180437765,72665254642,75037241668,75229500044,N/A,N/A,75308603298,75331724725,75693784007,75018367713,74902378561,74798916303,73248908856,72700386131",0,0,74380094812,74679537981,75229512233,75037254086,73517515471,73961829896,N/A,N/A,74997911878,75046450914,73337885853,73983138923,75472645688,75836211724",0,0,74752724178,75040591827,74984829542,74151230140,72996796995,73447653500,75331753194,75308635095,N/A,N/A,74399504433,75190116698,75376721716,75321209500",0,0,74679566098,74380122618,75386241359,76030281698,73895592735,73935054411,75592652701,74649655722,75071911009,74928123886,N/A,N/A,72103935480,73075600809",0,0,75040619707,74752751834,75438861532,75893270727,73935220874,74486502176,74795825445,76562498956,75701833802,75229647935,74006551556,73851800066,N/A,N/A"
1744470198,N/A,N/A,72204876871,72851734244,76045416248,75401360349,73976923938,73532645717,76781107383,75701894402,75062564023,74898723102,75205181645,74414510409,75860681233,76282702510",0,0,N/A,N/A,75908280768,75453968909,73463490060,73014038948,72315895814,74040139941,75061777146,75013204107,75033623714,75709045006,76282771436,75860750406",0,0,75178846843,74934312287,N/A,N/A,74501673403,73950394011,74838144219,74774163896,74814090144,74917556740,74898893205,75062733846,73295367205,72755049542",0,0,73195348673,72680470688,75052729942,75245005045,N/A,N/A,75324040463,75347172491,75709207161,75033768026,74917624723,74814166914,73263913448,72715609366",0,0,74395517104,74694992346,75245072947,75052828215,73532954256,73977257530,N/A,N/A,75013433969,75062053514,73353330257,73998672926,75488014486,75851701834",0,0,74768216710,75056084754,75000536677,74166612556,73012337543,73463227958,75347343247,75324211736,N/A,N/A,74414897082,75205594881,75392266454,75336760969",0,0,74695130103,74395669135,75401869421,76045935872,73911053292,73950458204,75608021722,74665171070,75087217323,74943606795,N/A,N/A,72119033448,73091020514",0,0,75056221891,74768388098,75454452770,75908791820,73950810078,74502089309,74811362673,76578317718,75717461323,75245279506,74022335214,73867538426,N/A,N/A"
1744470199,N/A,N/A,72208193270,72855048913,76048881424,75404813108,73980245863,73535942985,76784536388,75705307572,75065960014,74902125797,75208540291,74417827433,75864070884,76286113809",0,0,N/A,N/A,75911656521,75457311624,73466717397,73017270726,72319193460,74043426917,75065092096,75016509373,75036947442,75712397687,76286136938,75864093734",0,0,75182150095,74937604025,N/A,N/A,74504918263,73953631871,74841446355,74777465133,74817370631,74920833184,74902162184,75065997904,73298534150,72758210956",0,0,73198460226,72683579884,75055933885,75248194616,N/A,N/A,75327254725,75350396774,75712437488,75036964075,74920839291,74817379807,73266959669,72718635412",0,0,74398650710,74698129015,75248200557,75055939830,73535993996,73980296903,N/A,N/A,75016544020,75065128368,73356340893,74001703202,75491139936,75854851200",0,0,74771266761,75059147655,75003581739,74169638175,73015301330,73466153445,75350412049,75327271474,N/A,N/A,74417885194,75208599948,75395346430,75339811492",0,0,74698150266,74398671789,75404887407,76048957812,73914007269,73953393206,75610948851,74668110466,75090203623,74946566376,N/A,N/A,72121887203,73093879465",0,0,75059171774,74771292206,75457386194,75911731156,73953682118,74504971760,74814292696,76581258417,75720401169,75248193759,74025157062,73870342932,N/A,N/A"
1744470201,N/A,N/A,72210825092,72857691412,76051666674,75407595986,73982889102,73538587883,76787316074,75708066962,75068738911,74904907511,75211260965,74420537821,75866856093,76288924876",0,0,N/A,N/A,75914427372,75460078152,73469340115,73019896880,72321895915,74046122041,75067807469,75019238550,75039692813,75715181288,76288938128,75866871406",0,0,75184922792,74940356347,N/A,N/A,74507619942,73956316665,74844206249,74780222071,74820150108,74923615462,74904946814,75068778155,73301198407,72760876141",0,0,73201106053,72686212093,75058663566,75250941058,N/A,N/A,75330039076,75353193412,75715239326,75039727551,74923626083,74820174460,73269576911,72721248622",0,0,74401406663,74700907537,75250953092,75058677009,73538650212,73982953286,N/A,N/A,75019286407,75067855210,73358997521,74004382233,75493930445,75857666352",0,0,74774011234,75061912144,75006321614,74172369551,73017941719,73468791692,75353220953,75330069546,N/A,N/A,74420610416,75211336987,75398164570,75342605021",0,0,74700934793,74401436702,75407687057,76051761328,73916755298,73956118316,75613661619,74670830883,75093022732,74949366207,N/A,N/A,72124568328,73096559501",0,0,75061939211,74774038204,75460168971,75914521508,73956391621,74507695246,74817070296,76584054931,75723217033,75250984880,74027839132,73873002805,N/A,N/A"
1744470202,N/A,N/A,72213466733,72860347358,76054479015,75410391019,73985554478,73541247617,76790120823,75710850392,75071529047,74907701807,75213999250,74423259203,75869657222,76291752566",0,0,N/A,N/A,75917223045,75462864251,73471980757,73022539694,72324614661,74048827315,75070542018,75021984598,75042464741,75717994424,76291764824,75869670955",0,0,75187720472,74943135549,N/A,N/A,74510349042,73959034289,74847000305,74783019539,74822966108,74926414904,74907738324,75071565485,73303873194,72763550070",0,0,73203761579,72688853352,75061405434,75253701145,N/A,N/A,75332838364,75356004411,75718050896,75042499295,74926428533,74822981247,73272201046,72723869656",0,0,74404167699,74703687094,75253713072,75061418756,73541307173,73985617034,N/A,N/A,75022031093,75070589917,73361661063,74007066590,75496726479,75860488292",0,0,74776758081,75064675642,75009077255,74175105965,73020583398,73471431191,75356033454,75332868706,N/A,N/A,74423333420,75214075483,75400986421,75345402430",0,0,74703715914,74404197782,75410482407,76054572387,73919497797,73958838418,75616367040,74673550061,75095834542,74952156061,N/A,N/A,72127243612,73099237195",0,0,75064701092,74776786372,75462955100,75917315747,73959097377,74510414007,74819851707,76586857799,75726040025,75253778788,74030524887,73875666194,N/A,N/A"
1744470204,N/A,N/A,72216094749,72862993306,76057276162,75413175953,73988210365,73543899324,76792911745,75713620706,75074311068,74910488012,75216725931,74425972928,75872450967,76294568663",0,0,N/A,N/A,75920006464,75465637945,73474611517,73025173234,72327323849,74051524678,75073264581,75024721858,75045228249,75720797844,76294580922,75872464644",0,0,75190508200,74945903383,N/A,N/A,74513049386,73961722370,74849764407,74785785505,74825753775,74929204830,74910527481,75074350350,73306546036,72766217474",0,0,73206406961,72691488051,75064141459,75256454199,N/A,N/A,75335629179,75358805639,75720854094,75045264246,74929220329,74825778014,73274816283,72726484021",0,0,74406922866,74706459730,75256466025,75064156188,73543959174,73988272435,N/A,N/A,75024768689,75073314245,73364315787,74009742908,75499512725,75863300112",0,0,74779494899,75067429034,75011820714,74177832279,73023218083,73474062912,75358833172,75335658156,N/A,N/A,74426046710,75216801828,75403798457,75348187399",0,0,74706487134,74406949996,75413267047,76057369327,73922231350,73961552087,75619062916,74676257395,75098635916,74954938764,N/A,N/A,72129909897,73101906707",0,0,75067454662,74779523469,75465728778,75920099117,73961795905,74513126274,74822622003,76589648569,75728851515,75256560368,74033199997,73878319677,N/A,N/A"
1744470205,N/A,N/A,72218734019,72865645986,76060080695,75415970539,73990873641,73546560096,76795708402,75716396820,75077100160,74913283163,75219465700,74428698145,75875254245,76297397729",0,0,N/A,N/A,75922804459,75468429489,73477256179,73027820915,72330047461,74054238140,75076004551,75027474637,75048008377,75723615721,76297416086,75875274288",0,0,75193322031,74948697926,N/A,N/A,74515786957,73964444314,74852565275,74788587406,74828576621,74932013498,74913327333,75077146991,73309231710,72768902136",0,0,73209071905,72694138414,75066892950,75259222116,N/A,N/A,75338434156,75361623969,75723673659,75048044176,74932027099,74828591799,73277447869,72729113537",0,0,74409692898,74709251424,75259233972,75066906270,73546628576,73990943834,N/A,N/A,75027522571,75076053859,73366984394,74012433347,75502314962,75866129501",0,0,74782248833,75070198680,75014577353,74180574029,73025865571,73476708803,75361651288,75338462934,N/A,N/A,74428778140,75219547780,75406627739,75350991010",0,0,74709278763,74409721556,75416070774,76060184514,73924985225,73964284015,75621778990,74678983857,75101456971,74957738725,N/A,N/A,72132595889,73104593071",0,0,75070224258,74782275667,75468521672,75922898410,73964510674,74515855297,74825405699,76592452888,75731677360,75259360364,74035891666,73880989551,N/A,N/A"
1744470207,N/A,N/A,72221358401,72868284611,76062870453,75418745824,73993518268,73549199256,76798485039,75719153939,75079865208,74916053066,75222180248,74431400516,75878032199,76300201881",0,0,N/A,N/A,75925569717,75471185175,73479867592,73030435337,72332738880,74056918548,75078709257,75030193993,75050752371,75726399017,76300214221,75878047428",0,0,75196080333,74951439132,N/A,N/A,74518466746,73967111676,74855310503,74791333616,74831341489,74934773240,74916080643,75079895636,73311873751,72771542435",0,0,73211689791,72696744828,75069597370,75261943821,N/A,N/A,75341194350,75364395361,75726446541,75050778104,74934788470,74831368977,73280047071,72731709064",0,0,74412425442,74712001120,75261966892,75069620270,73549258793,73993579315,N/A,N/A,75030240462,75078756918,73369618701,74015090792,75505082031,75868919498",0,0,74784966600,75072932579,75017301481,74183281106,73028478647,73479317676,75364430635,75341232159,N/A,N/A,74431473133,75222254490,75409417626,75353756500",0,0,74712029343,74412454051,75418836622,76062961552,73927696753,73966974726,75624457010,74681672311,75104239424,74960502204,N/A,N/A,72135243487,73107243278",0,0,75072958083,74784993521,75471274533,75925661096,73967185241,74518542327,74828154231,76595222035,75734468336,75262121698,74038546242,73883622437,N/A,N/A"
1744470208,N/A,N/A,72223973259,72870913208,76065643139,75421515541,73996153562,73551837437,76801250635,75721899831,75082631718,74918825226,75224887006,74434097515,75880806824,76302999884",0,0,N/A,N/A,75928327897,75473937844,73482477404,73033046983,72335427321,74059600691,75081411628,75032912424,75053494421,75729181372,76303012247,75880820579",0,0,75198850813,74954187502,N/A,N/A,74521161185,73969790927,74858066240,74794085596,74834113731,74937539963,74918852691,75082662194,73314524641,72774195773",0,0,73214319914,72699359830,75072310639,75264673438,N/A,N/A,75343959949,75367171413,75729228999,75053520268,74937553697,74834130651,73282632498,72734290968",0,0,74415151935,74714749532,75264685541,75072324268,73551888460,73996207557,N/A,N/A,75032949922,75081451703,73372243741,74017734252,75507837930,75871701016",0,0,74787674117,75075661053,75020005470,74185976623,73031082762,73481919944,75367201055,75344002545,N/A,N/A,74434173507,75224964694,75412210034,75356523134",0,0,74714785554,74415190828,75421608509,76065736279,73930417852,73969674030,75627140680,74684361079,75107028405,74963272133,N/A,N/A,72137896962,73109896284",0,0,75075696101,74787711808,75474028900,75928420654,73969864644,74521238445,74830901490,76597987674,75737256188,75264884843,74041199914,73886256373,N/A,N/A"
1744470210,N/A,N/A,72226589885,72873542196,76068416736,75424281635,73998788974,73554470712,76804017735,75724646769,75085394565,74921591752,75227594117,74436793508,75883578337,76305797306",0,0,N/A,N/A,75931087075,75476692148,73485087907,73035659959,72338113866,74062278281,75084112332,75035627734,75056236815,75731962345,76305809486,75883591943",0,0,75201617368,74956934942,N/A,N/A,74523852875,73972467978,74860820495,74796839036,74836887183,74940306681,74921619271,75085423532,73317173906,72776845288",0,0,73216947650,72701974344,75075023116,75267402348,N/A,N/A,75346726880,75369950008,75732009911,75056262578,74940320447,74836904050,73285227964,72736884763",0,0,74417884527,74717502655,75267414407,75075036624,73554521403,73998842707,N/A,N/A,75035665140,75084152517,73374876168,74020387443,75510602755,75874490510",0,0,74790391198,75078394595,75022722012,74188679862,73033695977,73484530558,75369979153,75346757336,N/A,N/A,74436858705,75227661287,75414988687,75359277267",0,0,74717531423,74417914622,75424363827,76068500859,73933124878,73972356365,75629807794,74687040161,75109801883,74966026417,N/A,N/A,72140539086,73112536705",0,0,75078421635,74790418134,75476772772,75931170963,73972532933,74523921197,74833651583,76600758140,75740045589,75267647535,74043854841,73888890493,N/A,N/A"
1744470211,N/A,N/A,72229318043,72876283393,76071318839,75427168174,74001540395,73557216182,76806907309,75727515149,75088285457,74924487677,75230432388,74439614253,75886478218,76308723844",0,0,N/A,N/A,75933977908,75479572919,73487818861,73038395315,72340924520,74065077024,75086941397,75038468576,75059107826,75734872511,76308736197,75886491974",0,0,75204511175,74959811415,N/A,N/A,74526670854,73975271877,74863703458,74799725115,74839793761,74943206604,74924512022,75088311264,73319948928,72779615804",0,0,73219694609,72704707814,75077864955,75270261752,N/A,N/A,75349625503,75372860378,75734919977,75059133456,74943221910,74839809114,73287945391,72739599518",0,0,74420744318,74720382250,75270273790,75077878402,73557275765,74001599764,N/A,N/A,75038504533,75086980030,73377630501,74023163548,75513496023,75877412436",0,0,74793233375,75081254809,75025571837,74191512006,73036431227,73487262791,75372888081,75349656102,N/A,N/A,74439676929,75230496263,75417910570,75362171939",0,0,74720409234,74420774118,75427257662,76071410393,73935964393,73975177040,75632607849,74689850864,75112712276,74968914731,N/A,N/A,72143309177,73115310229",0,0,75081280211,74793261630,75479654662,75934061569,73975338059,74526739278,74836515592,76603644967,75742958188,75270530275,74046621751,73891635802,N/A,N/A"
1744470213,N/A,N/A,72231934283,72878913072,76074097150,75429933846,74004174005,73559848586,76809678488,75730263999,75091035689,74927241666,75233128168,74442296395,75889240091,76311512358",0,0,N/A,N/A,75936733063,75482318912,73490422541,73041000302,72343605041,74067746022,75089637251,75041175116,75061842683,75737648532,76311524716,75889253890",0,0,75207268486,74962551372,N/A,N/A,74529354995,73977942020,74866450518,74802480908,74842573812,74945980224,74927279847,75091073731,73322600172,72782264804",0,0,73222327303,72707325606,75080578935,75272995347,N/A,N/A,75352395331,75375641741,75737705136,75061877364,74945991501,74842585939,73290545835,72742195112",0,0,74423476919,74723133928,75273007366,75080592351,73559908601,74004235686,N/A,N/A,75041221530,75089683528,73380264375,74025820155,75516261989,75880201070",0,0,74795949677,75083987717,75028291027,74194217379,73039043572,73489871114,75375669290,75352425871,N/A,N/A,74442369312,75233202898,75420700245,75364936569",0,0,74723161233,74423507048,75430023460,76074188797,73938678647,73977871064,75635284300,74692538856,75115495214,74971677417,N/A,N/A,72145957203,73117961648",0,0,75084013224,74795976545,75482409291,75936824360,73978017128,74529430528,74839266217,76606416112,75745746713,75273293365,74049277267,73894269810,N/A,N/A"
1744470215,N/A,N/A,72234533523,72881527703,76076862809,75432685017,74006797036,73562468224,76812438852,75733001674,75093783208,74929994862,75235823819,74444979335,75891999893,76314294827",0,0,N/A,N/A,75939483004,75485060561,73493019827,73043602503,72346279114,74070407663,75092328536,75043877871,75064574099,75740419721,76314307096,75892013613",0,0,75210022684,74965285700,N/A,N/A,74532034396,73980609855,74869193594,74805219578,74845330219,74948731748,74930022216,75093812050,73325230915,72784892500",0,0,73224937121,72709920427,75083271893,75275706202,N/A,N/A,75355145126,75378403607,75740467220,75064599768,74948744040,74845345498,73293121868,72744770334",0,0,74426189898,74725866021,75275718165,75083285306,73562518572,74006850277,N/A,N/A,75043916464,75092366990,73382878919,74028457206,75519007280,75882972032",0,0,74798645822,75086698709,75030995578,74196903347,73041637932,73492472672,75378441917,75355184723,N/A,N/A,74445052060,75235898523,75423478022,75367687857",0,0,74725899134,74426224354,75432773437,76076953281,73941378400,73980550802,75637945849,74695211218,75118260553,74974423650,N/A,N/A,72148590923,73120599292",0,0,75086732010,74798680363,75485148355,75939573811,73980682294,74532108730,74842001519,76609172776,75748527367,75276043793,74051921372,73896891370,N/A,N/A"
1744470216,N/A,N/A,72237141679,72884147749,76079632238,75435444931,74009424521,73565092380,76815198405,75735741210,75096536598,74932752929,75238523787,74447666983,75894763981,76317083629",0,0,N/A,N/A,75942235971,75487806492,73495625885,73046211664,72348960622,74073079169,75095024110,75046587408,75067310731,75743195499,76317095961,75894777741",0,0,75212781753,74968026470,N/A,N/A,74534719628,73983280768,74871941239,74807966670,74848097591,74951493301,74932780356,75096565541,73327875321,72787535660",0,0,73227557109,72712526955,75085980222,75278430547,N/A,N/A,75357907944,75381177628,75743242918,75067336333,74951507014,74848112872,73295713510,72747357059",0,0,74428916397,74728612415,75278442558,75085993688,73565144516,74009479443,N/A,N/A,75046626236,75095062722,73385507128,74031104804,75521765350,75885756603",0,0,74801355882,75089426013,75033708894,74199603784,73044247489,73495068391,75381206832,75357938532,N/A,N/A,74447730567,75238590744,75426254805,75370439905",0,0,74728641197,74428946504,75435527126,76079716451,73944081371,73983230274,75640609663,74697886584,75121031890,74977173999,N/A,N/A,72151229394,73123238140",0,0,75089452989,74801382718,75487888425,75942321367,73983346989,74534787589,74844735145,76611926169,75751300464,75278791353,74054561490,73899522506,N/A,N/A"
1744470218,N/A,N/A,72239783921,72886799428,76082437061,75438235651,74012086449,73567749937,76817995733,75738518637,75099318950,74935539570,75241257575,74450384112,75897560568,76319906404",0,0,N/A,N/A,75945026867,75490586645,73498260550,73048851055,72351673619,74075780423,75097754136,75049329807,75070078048,75746003102,76319918598,75897574218",0,0,75215573550,74970801559,N/A,N/A,74537434118,73985982487,74874719962,74810749639,74850897510,74954288405,74935568551,75099349452,73330546464,72790204095",0,0,73230206067,72715167020,75088717928,75281187015,N/A,N/A,75360703275,75383983364,75746050537,75070105192,74954302141,74850914333,73298333315,72749975716",0,0,74431673560,74731386774,75281198980,75088732888,73567800576,74012139924,N/A,N/A,75049367026,75097792516,73388164608,74033783921,75524555313,75888573046",0,0,74804095883,75092181478,75036458298,74202334658,73046885580,73497702455,75384010937,75360732257,N/A,N/A,74450449358,75241323163,75429071399,75373231418",0,0,74731415587,74431702162,75438317813,76082520218,73946815621,73985946352,75643311171,74700598215,75123835883,74979957734,N/A,N/A,72153896538,73125909389",0,0,75092207007,74804122753,75490668437,75945110502,73986048891,74537502401,74847510791,76614723186,75754118376,75281578976,74057240892,73902169886,N/A,N/A"
1744470219,N/A,N/A,72242436634,72889467422,76085258012,75441047621,74014763591,73570425193,76820807758,75741310380,75102124296,74938349460,75244008986,74453122143,75900376264,76322746060",0,0,N/A,N/A,75947831569,75493384354,73500911926,73051506092,72354403549,74078500973,75100501074,75052090086,75072864829,75748829346,76322758493,75900389928",0,0,75218384745,74973591707,N/A,N/A,74540170991,73988704275,74877518718,74813547985,74853717236,74957102194,74938378172,75102154577,73333238292,72792893385",0,0,73232875327,72717823748,75091475645,75283961214,N/A,N/A,75363516175,75386807930,75748876827,75072892003,74957115826,74853733911,73300971946,72752611601",0,0,74434451850,74734184105,75283973303,75091490734,73570475962,74014817496,N/A,N/A,75052127574,75100539858,73390840342,74036481162,75527364930,75891408940",0,0,74806855195,75094959145,75039219015,74205080833,73049540062,73500354091,75386836966,75363545012,N/A,N/A,74453186746,75244074346,75431908544,75376040857",0,0,74734212793,74434480343,75441129831,76085342516,73949575650,73988685244,75646034171,74703341887,75126675982,74982777683,N/A,N/A,72156594433,73128608597",0,0,75094991283,74806886921,75493472019,75947921035,73988775997,74540243238,74850309059,76617542256,75756957560,75284392065,74059944771,73904849977,N/A,N/A"
1744470221,N/A,N/A,72250643351,72897879591,76093830751,75449602634,74023244381,73578900402,76829423739,75749895714,75110634419,74946870449,75252572760,74461643915,75908985844,76331348380",0,0,N/A,N/A,75956372498,75501947381,73509417139,73060011305,72362807292,74087043954,75109151792,75060757574,75081505700,75757503142,76331433313,75909070692",0,0,75227050126,74982254887,N/A,N/A,74548731060,73997252555,74886181250,74822196038,74862310706,74965707101,74947062128,75110855511,73341787839,72801419207",0,0,73241698663,72726460091,75100216525,75292737753,N/A,N/A,75372356094,75395650687,75757698898,75081676900,74965786207,74862403858,73309665495,72761226585",0,0,74443214742,74743015750,75292848159,75100363618,73579307317,74023650907,N/A,N/A,75061006539,75109418964,73399611212,74045302359,75536177569,75900244679",0,0,74815781356,75103897896,75048185269,74213928699,73058414379,73509224391,75395821562,75372525623,N/A,N/A,74462061829,75252994584,75440855314,75385004458",0,0,74743210853,74443452820,75450179957,76094407608,73958497435,73997587371,75655164237,74712341067,75135652030,74991751787,N/A,N/A,72165496634,73137504077",0,0,75104062068,74815945345,75502529944,75956960928,73997768345,74549285504,74859513260,76626801609,75766109996,75293527933,74069060465,73913954423,N/A,N/A"
1744470222,N/A,N/A,72260456251,72907466963,76103599080,75459365071,74032964211,73588608867,76839291375,75759679825,75120313364,74956504698,75262226575,74471264977,75918655876,76341005010",0,0,N/A,N/A,75966025189,75511629161,73519040919,73069655562,72371911342,74096642717,75118814506,75070408027,75091109944,75767150276,76341017252,75918671088",0,0,75236578464,74991776441,N/A,N/A,74558204360,74006723521,74895726567,74831725575,74871727651,74975109274,74956533728,75120343851,73351233918,72810782029",0,0,73250840017,72735833945,75109761548,75302242591,N/A,N/A,75381843635,75405149479,75767198513,75091135629,74975124442,74871742871,73318908472,72770497707",0,0,74452629732,74752416234,75302254530,75109774994,73588660967,74033016380,N/A,N/A,75070445345,75118854523,73408899711,74054640833,75545497679,75909636158",0,0,74825033268,75113156823,75058069900,74223186776,73067691441,73518483560,75405177058,75381873497,N/A,N/A,74471330494,75262292309,75450070615,75394233806",0,0,74752443544,74452659803,75459446725,76103682999,73967670387,74006724189,75664292193,74721456991,75144607508,75000840792,N/A,N/A,72174397725,73146513422",0,0,75113182294,74825061542,75511710955,75966108598,74006789717,74558272507,74868476070,76635956671,75775156126,75302563099,74078124630,73922975351,N/A,N/A"
1744470224,N/A,N/A,72263104320,72910126923,76106406115,75462166149,74035630778,73591276267,76842093336,75762460074,75123111292,74959307740,75264963012,74473992431,75921463636,76343835325",0,0,N/A,N/A,75968816938,75514415031,73521685093,73072301355,72374634314,74099359540,75121548375,75073158187,75093886274,75769966733,76343847536,75921477281",0,0,75239381425,74994558267,N/A,N/A,74560931663,74009433990,74898514020,74834509753,74874533504,74977909754,74959335271,75123141180,73353917987,72813467187",0,0,73253500786,72738480917,75112507053,75305004318,N/A,N/A,75384641791,75407958935,75770014265,75093911954,74977923532,74874549463,73321537551,72773121023",0,0,74455398083,74755204782,75305016306,75112520526,73591327126,74035684450,N/A,N/A,75073195588,75121588368,73411566668,74057326372,75548294547,75912457472",0,0,74827781578,75115923270,75060814023,74225921732,73070337072,73521127626,75407988005,75384672284,N/A,N/A,74474058215,75265031475,75452892007,75397030675",0,0,74755233660,74455428220,75462248596,76106490041,73970423169,74009452063,75667007302,74724179775,75147427887,75003640200,N/A,N/A,72177084208,73149198693",0,0,75115950320,74827808414,75514496855,75968900394,74009501762,74561001397,74871258231,76638758951,75777975984,75305357538,74080811588,73925643746,N/A,N/A"
1744470225,N/A,N/A,72265804748,72912840573,76109268938,75465028538,74038352331,73593998961,76844949025,75765296638,75125967455,74962169659,75267763265,74476781402,75924330132,76346727519",0,0,N/A,N/A,75971665844,75517258607,73524384434,73075003579,72377410576,74102129681,75124341078,75075965604,75096721531,75772841493,76346741399,75924343938",0,0,75242242286,74997400206,N/A,N/A,74563714634,74012199966,74901361934,74837354165,74877397089,74980766369,74962198716,75125997991,73356656196,72816207960",0,0,73256214538,72741181512,75115309530,75307821951,N/A,N/A,75387500997,75410828040,75772889023,75096748756,74980780103,74877412371,73324216539,72775798465",0,0,74458225606,74758051701,75307833841,75115324413,73594050042,74038406237,N/A,N/A,75076003023,75124379771,73414286056,74060066757,75551150779,75915339985",0,0,74830587348,75118749823,75063619073,74228715518,73073037962,73523827033,75410856586,75387529923,N/A,N/A,74476846947,75267829017,75455774555,75399888501",0,0,74758080651,74458254255,75465111104,76109353088,73973231819,74012237601,75669778916,74726954609,75150309564,75006502019,N/A,N/A,72179825322,73151937385",0,0,75118775456,74830614637,75517340504,75971749404,74012267395,74563783174,74874093361,76641613202,75780852213,75308208090,74083550596,73928361762,N/A,N/A"
1744470227,N/A,N/A,72268450117,72915500876,76112075291,75467831555,74041017043,73596663335,76847747244,75768074969,75128767062,74964974486,75270503161,74479513348,75927137758,76349560334",0,0,N/A,N/A,75974454794,75520044384,73527027661,73077646846,72380128421,74104841454,75127075175,75078717240,75099498831,75775657658,76349572701,75927151547",0,0,75245045059,75000180191,N/A,N/A,74566443300,74014913350,74904149306,74840138552,74880203453,74983565128,74965001983,75128797678,73359340228,72818894134",0,0,73258874673,72743826694,75118056779,75310582444,N/A,N/A,75390301859,75413640693,75775705203,75099524553,74983578787,74880220247,73326844354,72778422197",0,0,74460994777,74760843232,75310594404,75118070160,73596718497,74041072266,N/A,N/A,75078754615,75127115361,73416951412,74062752798,75553950316,75918165868",0,0,74833336674,75121518476,75066365367,74231452455,73075682783,73526471887,75413668941,75390330860,N/A,N/A,74479578960,75270572003,75458598957,75402688105",0,0,74760870612,74461023491,75467915675,76112160869,73975984691,74014966791,75672490851,74729673990,75153132219,75009306059,N/A,N/A,72182511504,73154621406",0,0,75121544064,74833363544,75520127659,75974539811,74014979848,74566513289,74876872885,76644412636,75783672684,75311004693,74086237830,73931026879,N/A,N/A"
1744470228,N/A,N/A,72271083228,72918148038,76114868538,75470622633,74043673216,73599320586,76850533377,75770843235,75131555195,74967766723,75273233889,74482232588,75929933110,76352383114",0,0,N/A,N/A,75977234429,75522818985,73529661077,73080281479,72382837373,74107543684,75129800898,75081456233,75102266112,75778462525,76352396974,75929949909",0,0,75247837698,75002952887,N/A,N/A,74569162894,74017614792,74906928304,74842913013,74883000586,74986353989,74967797191,75131587593,73362014882,72821568066",0,0,73261523373,72746462656,75120790794,75313333405,N/A,N/A,75393090809,75416441963,75778511067,75102291865,74986369182,74883015807,73329459964,72781035014",0,0,74463753004,74763622200,75313345283,75120804195,73599374048,74043727988,N/A,N/A,75081493633,75129839539,73419603520,74065426428,75556736940,75920976833",0,0,74836075019,75124276980,75069100582,74234178013,73078317535,73529104858,75416469487,75393119909,N/A,N/A,74482299421,75273302486,75461411361,75405474581",0,0,74763649542,74463781670,75470706537,76114955618,73978726452,74017685765,75675192851,74732382681,75155940287,75012095261,N/A,N/A,72185184947,73157294351",0,0,75124302507,74836101884,75522902446,75977319600,74017681021,74569231108,74879641276,76647200499,75786480744,75313787180,74088911661,73933679149,N/A,N/A"
1744470230,N/A,N/A,72273745002,72920824114,76117689760,75473441223,74046356149,73602003285,76853346273,75773636913,75134371445,74970587288,75275989629,74484980472,75932757855,76355233438",0,0,N/A,N/A,75980041442,75525620290,73532318173,73082940180,72385570147,74110270887,75132548405,75084220014,75105055873,75781291787,76355245625,75932773087",0,0,75250653985,75005748054,N/A,N/A,74571903706,74020338885,74909731464,74845712448,74885819553,74989165870,74970616269,75134401904,73364711152,72824265805",0,0,73264196619,72749121536,75123549781,75316106317,N/A,N/A,75395905485,75419267528,75781339346,75105081632,74989181069,74885834848,73332098460,72783669492",0,0,74466537200,74766426613,75316118202,75123563075,73602055399,74046408314,N/A,N/A,75084257509,75132587110,73422280985,74068124085,75559547818,75923812217",0,0,74838836496,75127058569,75071859395,74236927991,73080974751,73531759571,75419294829,75395934221,N/A,N/A,74485044402,75276056698,75464245503,75408285401",0,0,74766452485,74466564420,75473523453,76117775073,73981490608,74020425882,75677919931,74735125478,75158785993,75014921997,N/A,N/A,72187891648,73159999395",0,0,75127093444,74838872470,75525709478,75980133836,74020414073,74571979368,74882443371,76650021088,75789321217,75316601052,74091618194,73936365509,N/A,N/A"
1744470232,N/A,N/A,72276465669,72923559323,76120574201,75476322318,74049110026,73604757761,76856236697,75776505351,75137262575,74973485153,75278820901,74487801255,75935659948,76358161730",0,0,N/A,N/A,75982927351,75528499586,73535051337,73085676319,72388383059,74113077985,75135378618,75087066940,75107928581,75784205667,76358176026,75935676778",0,0,75253556021,75008626586,N/A,N/A,74574724565,74023143903,74912618074,74848594847,74888724959,74992063537,74973517341,75137297746,73367488178,72827046295",0,0,73266952174,72751861186,75126392842,75318965297,N/A,N/A,75398803659,75422177143,75784254816,75107956463,74992077207,74888740167,73334817577,72786385891",0,0,74469403515,74769314140,75318977191,75126406254,73604817269,74049169419,N/A,N/A,75087106080,75135419015,73425038492,74070903248,75562444515,75926734671",0,0,74841679887,75129923238,75074701794,74239761658,73083712449,73534495581,75422204815,75398832711,N/A,N/A,74487871098,75278892536,75467167818,75411182321",0,0,74769341582,74469432186,75476424264,76120677859,73984339304,74023249849,75680728497,74737929983,75161695409,75017811963,N/A,N/A,72190663281,73162768903",0,0,75129948762,74841707864,75528584878,75983012685,74023210152,74574794308,74885309483,76652907971,75792229465,75319484111,74094388141,73939113797,N/A,N/A"
1744470233,N/A,N/A,72279184547,72926290167,76123451818,75479197574,74051832657,73607482325,76859094704,75779345100,75140121439,74976347505,75281617116,74490588795,75938526072,76361051213",0,0,N/A,N/A,75985772902,75531341549,73537744675,73088369898,72391154950,74115843830,75138165559,75089871664,75110759435,75787075981,76361063562,75938539906",0,0,75256412092,75011462315,N/A,N/A,74577503698,74025905697,74915458515,74851432414,74891582461,74994914763,74976375027,75140150463,73370223496,72829783636",0,0,73269659616,72754557040,75129188826,75321776512,N/A,N/A,75401656932,75425039897,75787123598,75110785197,74994928547,74891599327,73337492290,72789057943",0,0,74472223825,74772156633,75321788442,75129200761,73607533641,74051886311,N/A,N/A,75089909092,75138205616,73427751762,74073637908,75565295865,75929609638",0,0,74844481220,75132745054,75077499770,74242550923,73086405897,73537187390,75425069077,75401685981,N/A,N/A,74490654208,75281684291,75470044198,75414032085",0,0,74772184146,74472253470,75479280156,76123535903,73987143324,74026028370,75683491797,74740700558,75164570681,75020666510,N/A,N/A,72193401146,73165504759",0,0,75132770570,74844508055,75531422172,75985856534,74025970788,74577572108,74888141776,76655758872,75795100597,75322329623,74097122619,73941826053,N/A,N/A"
1744470235,N/A,N/A,72281854463,72928973230,76126285276,75482027866,74054523695,73610174019,76861919518,75782151145,75142944638,74979176389,75284385515,74493347720,75941360736,76363910274",0,0,N/A,N/A,75988589659,75534153917,73540413728,73091040331,72393900993,74118583248,75140926181,75092648450,75113563492,75789919309,76363922635,75941374506",0,0,75259240938,75014272202,N/A,N/A,74580255952,74028640647,74918274127,74854243220,74894413870,74997739326,74979203804,75142975087,73372932142,72832494320",0,0,73272344054,72757228355,75131959180,75324563342,N/A,N/A,75404481911,75427878121,75789966627,75113589040,74997752997,74894430658,73340143992,72791704535",0,0,74475018101,74774971304,75324575283,75131972607,73610224612,74054577232,N/A,N/A,75092685647,75140966069,73430440825,74076349506,75568120787,75932460172",0,0,74847257668,75135541494,75080271146,74245313024,73089075847,73539856067,75427907220,75404512484,N/A,N/A,74493412946,75284453459,75472894564,75416856879",0,0,74775000148,74475048205,75482110816,76126369153,73989921073,74028782330,75686230832,74743446113,75167429895,75023507482,N/A,N/A,72196120246,73168221946",0,0,75135574585,74847294940,75534244372,75988681726,74028714351,74580333015,74890957162,76658593244,75797957460,75325159202,74099842082,73944523853,N/A,N/A"
1744470236,N/A,N/A,72284477098,72931612228,76129067248,75484808822,74057167000,73612818302,76864693404,75784906759,75145722307,74981957601,75287104619,74496057290,75944144560,76366720865",0,0,N/A,N/A,75991357980,75536917997,73543036144,73093664878,72396598323,74121274441,75143639622,75095376571,75116319253,75792711808,76366733228,75944159806",0,0,75262022676,75017032196,N/A,N/A,74582961865,74031329886,74921042243,74857007745,74897198408,75000514692,74981985054,75145751328,73375592830,72835156734",0,0,73274983323,72759851163,75134682714,75327301327,N/A,N/A,75407260852,75430667666,75792759271,75116344878,75000528364,74897213652,73342747526,72794305455",0,0,74477765250,74777738863,75327313246,75134696108,73612870519,74057220731,N/A,N/A,75095413949,75143678215,73433081598,74079011300,75570895094,75935258870",0,0,74849983751,75138288021,75082994686,74248027668,73091699044,73542477462,75430695254,75407289789,N/A,N/A,74496121248,75287171938,75475693553,75419631356",0,0,74777766251,74477793929,75484889695,76129151242,73992649982,74031489345,75688922063,74746143659,75170216745,75026276790,N/A,N/A,72198773917,73170873770",0,0,75138313585,74850012110,75536999792,75991441396,74031394415,74583029213,74893703129,76661357250,75800745032,75327923187,74102496183,73947167434,N/A,N/A"
1744470238,N/A,N/A,72287131414,72934279391,76131882885,75487619845,74059843627,73615494078,76867502189,75787696575,75148527787,74984769070,75289856785,74498796835,75946960915,76369560860",0,0,N/A,N/A,75994158258,75539711095,73545688949,73096319073,72399324815,74123993617,75146383253,75098136025,75119104795,75795536355,76369574018,75946976165",0,0,75264835530,75019823781,N/A,N/A,74585698385,74034050120,74923839760,74859801892,74900013719,75003323158,74984798019,75148559715,73378287624,72837851248",0,0,73277654187,72762508614,75137439354,75330073962,N/A,N/A,75410070668,75433489092,75795583893,75119129495,75003336761,74900028971,73345385325,72796940322",0,0,74480542794,74780537613,75330085966,75137451325,73615547457,74059898470,N/A,N/A,75098173334,75146422789,73435755865,74081706694,75573702093,75938090879",0,0,74852744038,75141067764,75085749753,74250773638,73094354773,73545132784,75433516755,75410099727,N/A,N/A,74498863684,75289924091,75478525397,75422438241",0,0,74780565151,74480572425,75487702257,76131968483,73995416671,74034240800,75691654517,74748880476,75173056948,75029096472,N/A,N/A,72201475405,73173575586",0,0,75141101012,74852781562,75539803329,75994250488,74034122391,74585775192,74896502750,76664176881,75803581925,75330734528,74105200846,73949840416,N/A,N/A"
1744470239,N/A,N/A,72289752282,72936917926,76134666231,75490400836,74062485799,73618137280,76870277618,75790453360,75151304181,74987549862,75292573710,74501504746,75949743531,76372368887",0,0,N/A,N/A,75996924641,75542474585,73548311966,73098942347,72402021407,74126684343,75149092135,75100860696,75121856081,75798327296,76372381218,75949757265",0,0,75267613323,75022583357,N/A,N/A,74588401001,74036736635,74926603678,74862562188,74902792698,75006097236,74987578833,75151334570,73380946610,72840514147",0,0,73280291250,72765130931,75140160402,75332811177,N/A,N/A,75412847611,75436276666,75798376540,75121883382,75006110958,74902809576,73347988742,72799540396",0,0,74483288591,74783303704,75332823154,75140173878,73618189688,74062539593,N/A,N/A,75100899840,75149130937,73438395959,74084368496,75576475794,75940888272",0,0,74855470383,75143812518,75088471056,74253486664,73096978079,73547752999,75436304287,75412878123,N/A,N/A,74501570332,75292641031,75481324313,75425211907",0,0,74783331069,74483318665,75490483459,76134751842,73998140168,74036935158,75694333617,74751567006,75175844378,75031865380,N/A,N/A,72204129842,73176229074",0,0,75143839507,74855497217,75542556720,75997009868,74036802876,74588469252,74899251318,76666948708,75806382727,75333509154,74107862646,73952480712,N/A,N/A"
1744470241,N/A,N/A,72292333024,72939514325,76137406959,75493136995,74065087804,73620738554,76873009985,75793167320,75154037152,74990288320,75295248563,74504171568,75952485237,76375134774",0,0,N/A,N/A,75999651463,75545195477,73550892289,73101523205,72404675105,74129330890,75151762032,75103547092,75124567077,75801075492,76375147050,75952498877",0,0,75270348977,75025300074,N/A,N/A,74591064660,74039382671,74929325882,74865283183,74905532057,75008828540,74990315724,75154067604,73383566601,72843133676",0,0,73282889102,72767712950,75142839781,75335505553,N/A,N/A,75415580393,75439018260,75801122927,75124592700,75008843067,74905547273,73350553678,72802102777",0,0,74485991792,74786025466,75335517518,75142854695,73620790531,74065141225,N/A,N/A,75103584518,75151802157,73440997046,74086987926,75579205111,75943643454",0,0,74858154539,75146516396,75091150304,74256156086,73099558994,73550334677,75439047070,75415609236,N/A,N/A,74504236780,75295315480,75484079462,75427942761",0,0,74786054263,74486020394,75493220848,76137490864,74000826212,74039597482,75696981482,74754221718,75178598267,75034600667,N/A,N/A,72206750445,73178847208",0,0,75146541845,74858181324,75545277320,75999734935,74039450401,74591132812,74901963507,76669674412,75809124377,75336225730,74110472934,73955072570,N/A,N/A"
1744470242,N/A,N/A,72295045028,72942239686,76140282606,75496009261,74067818510,73623471117,76875876077,75796012581,75156903229,74993158711,75298056468,74506970067,75955360334,76378035940",0,0,N/A,N/A,76002508513,75548048997,73553599513,73104232017,72407461545,74132110236,75154562758,75106362914,75127410216,75803958738,76378048280,75955374044",0,0,75273219159,75028149009,N/A,N/A,74593857223,74042158174,74932181862,74868133135,74908404634,75011693135,74993186095,75156932139,73386313896,72845883322",0,0,73285611490,72770423543,75145651010,75338332023,N/A,N/A,75418445232,75441896443,75804006078,75127435741,75011706660,74908419847,73353242302,72804787570",0,0,74488825233,74788881904,75338344008,75145664444,73623523066,74067871892,N/A,N/A,75106401665,75154601204,73443723018,74089736338,75582069786,75946533450",0,0,74860967825,75149350038,75093960895,74258956438,73102267954,73553040792,75441924159,75418475894,N/A,N/A,74507034069,75298123590,75486969648,75430806031",0,0,74788909290,74488855453,75496091571,76140366074,74003642241,74042400326,75699771353,74757017353,75181495407,75037479017,N/A,N/A,72209507675,73181602954",0,0,75149384872,74861002292,75548138149,76002600875,74042231836,74593932831,74904818482,76672548164,75812016721,75339093821,74113227748,73957806357,N/A,N/A"
1744470244,N/A,N/A,72299861379,72947085237,76145270879,75500991605,74072705214,73628398110,76880983848,75801070656,75161922907,74998177038,75303045084,74511937245,75960404033,76383093301",0,0,N/A,N/A,76007527214,75553073001,73558551280,73109199074,72412260660,74137152452,75159633845,75111439513,75132498195,75809074843,76383170464,75960481253",0,0,75278375698,75033288066,N/A,N/A,74598976817,74047265749,74937329783,74873303862,74913559457,75016842987,74998344284,75162089623,73391286578,72850992160",0,0,73290815481,72775547514,75150888959,75343580537,N/A,N/A,75423707264,75447166027,75809319750,75132734273,75017004890,74913720410,73358407319,72809955201",0,0,74494125276,74794194965,75343691194,75151019123,73628849003,74073192904,N/A,N/A,75111774281,75159969461,73449041614,74095070978,75587522196,75951964713",0,0,74866400480,75154795141,75099546071,74264361848,73107629929,73558400729,75447420487,75423960449,N/A,N/A,74512428507,75303538102,75492366272,75436301649",0,0,74794442440,74494374192,75501658586,76145939183,74009127223,74047851438,75705329314,74762517894,75187074355,75043047744,N/A,N/A,72215060582,73187097610",0,0,75154956702,74866562844,75553741074,76008194416,74047760022,74599498804,74910377705,76678266289,75817704829,75344764173,74118845478,73963406227,N/A,N/A"
1744470246,N/A,N/A,72312377139,72959951874,76158300511,75514024100,74085687018,73641345981,76894173719,75814085214,75174701372,75010949614,75315934906,74524780111,75973287463,76395968358",0,0,N/A,N/A,76020530059,75566105484,73571481626,73122119353,72424500752,74150032946,75172617268,75124399132,75145377147,75821976500,76395981574,75973301330",0,0,75291022635,75045975584,N/A,N/A,74611690671,74059976911,74950035633,74886009575,74926201186,75029493243,75010978692,75174731980,73403598863,72863514879",0,0,73303644143,72788126621,75163691137,75356368138,N/A,N/A,75436455648,75459905741,75822025341,75145404446,75029506930,74926218012,73371062334,72822488012",0,0,74506703448,74806796080,75356380081,75163705684,73641397939,74085740744,N/A,N/A,75124437932,75172655795,73461499777,74107645423,75600158893,75964558587",0,0,74878896327,75167291528,75112191641,74276778193,73120154947,73570922723,75459934896,75436486219,N/A,N/A,74524845525,75316001926,75504758231,75448807305",0,0,74806823314,74506733494,75514106456,76158385887,74021495047,74060191173,75718078423,74774921064,75199351069,75055307126,N/A,N/A,72227392867,73199247303",0,0,75167318547,74878923196,75566188897,76020615112,74060043002,74611760112,74922523792,76690653190,75829979248,75357040816,74131162178,73975672073,N/A,N/A"
1744470247,N/A,N/A,72315044480,72962640928,76161140291,75516853337,74088381694,73644039453,76897006089,75816897564,75177530057,75013781956,75318702800,74527537532,75976124889,76398830753",0,0,N/A,N/A,76023354739,75568925034,73574150979,73124792528,72427249650,74152772610,75175383518,75127180588,75148183775,75824822713,76398843109,75976138650",0,0,75293855626,75048785560,N/A,N/A,74614445563,74062716911,74952853663,74888826502,74929041175,75032325379,75013810014,75177558848,73406310938,72866225872",0,0,73306333024,72790801589,75166468467,75359160207,N/A,N/A,75439285989,75462748515,75824870212,75148210952,75032339093,74929056440,73373717554,72825140857",0,0,74509500528,74809613147,75359172127,75166481833,73644091202,74088435081,N/A,N/A,75127217919,75175423632,73464193936,74110360435,75602987683,75967416701",0,0,74881675744,75170089179,75114970411,74279555636,73122838796,73573603841,75462786450,75439325456,N/A,N/A,74527611176,75318779871,75507624080,75451646779",0,0,74809650446,74509539193,75516945920,76161235039,74024284846,74062957680,75720827082,74777679796,75202207066,75058142863,N/A,N/A,72230113714,73201968058",0,0,75170125368,74881711575,75569015498,76023448612,74062791852,74614523881,74925345692,76693495254,75832842898,75359875773,74133888695,73978375264,N/A,N/A"
1744470249,N/A,N/A,72317700746,72965309822,76163959620,75519664909,74091058136,73646714266,76899819514,75819689626,75180335391,75016593255,75321452820,74530273247,75978940554,76401672592",0,0,N/A,N/A,76026158974,75571721603,73576805217,73127448402,72429979392,74155492831,75178130401,75129940342,75150969204,75827649859,76401685021,75978954415",0,0,75296666032,75051577642,N/A,N/A,74617182109,74065436696,74955650029,74891622309,74931857952,75035135966,75016622259,75180365160,73409003209,72868917931",0,0,73309002803,72793457914,75169225297,75361935376,N/A,N/A,75442096947,75465570960,75827697434,75150996547,75035149730,74931873359,73376356254,72827775117",0,0,74512287258,74812417006,75361956810,75169249397,73646775509,74091120805,N/A,N/A,75129988428,75178179912,73466877997,74113065872,75605803677,75970256570",0,0,74884443129,75172876025,75117739957,74282299354,73125492945,73576256534,75465607273,75442136172,N/A,N/A,74530349287,75321528944,75510454579,75454453502",0,0,74812444271,74512314307,75519758286,76164054649,74027041909,74065695477,75723548830,74780409012,75205036536,75060951821,N/A,N/A,72232804863,73204660623",0,0,75172901721,74884471609,75571812441,76026253227,74065512794,74617259958,74928138118,76696309032,75835673791,75362679434,74136583837,73981051840,N/A,N/A"
1744470250,N/A,N/A,72320361881,72967986860,76166790325,75522480574,74093741689,73649393319,76902641478,75822489762,75183146727,75019409759,75324209404,74533017622,75981764980,76404520724",0,0,N/A,N/A,76028973773,75574526413,73579462764,73130110681,72432717960,74158219961,75180882733,75132706496,75153763165,75830482222,76404532939,75981778632",0,0,75299482934,75054377657,N/A,N/A,74619935081,74068176764,74958464154,74894438080,74934694419,75037967294,75019446705,75183186570,73411712049,72871622079",0,0,73311688232,72796132463,75171999170,75364726800,N/A,N/A,75444925091,75468411524,75830538664,75153799222,75037980865,74934709565,73379009841,72830425010",0,0,74515066068,74815217663,75364738713,75172012524,73649455883,74093804291,N/A,N/A,75132753222,75180932227,73469559061,74115767475,75608618828,75973099403",0,0,74887209073,75175657176,75120509475,74285051426,73128155175,73578915545,75468439164,75444955586,N/A,N/A,74533093315,75324286769,75513297450,75457268710",0,0,74815244926,74515096114,75522573398,76166884731,74029804640,74068437952,75726276253,74783149111,75207869064,75063765132,N/A,N/A,72235500160,73207359130",0,0,75175684136,74887237397,75574618638,76029067543,74068241239,74620001476,74930937395,76699130056,75838517449,75365494723,74139285243,73983732819,N/A,N/A"
1744470252,N/A,N/A,72323002326,72970640627,76169593137,75525274382,74096401761,73652052534,76905436882,75825264077,75185934688,75022202765,75326944486,74535738119,75984564550,76407347190",0,0,N/A,N/A,76031761760,75577306290,73582099840,73132750050,72435433238,74160925009,75183613073,75135449848,75156532267,75833291360,76407359443,75984578261",0,0,75302278141,75057153948,N/A,N/A,74622652872,74070880077,74961244978,74897219708,74937495379,75040762786,75022238939,75185973804,73414389274,72874296939",0,0,73314342126,72798773263,75174738533,75367483424,N/A,N/A,75447719310,75471218265,75833348132,75156568575,75040776562,74937510765,73381631117,72833043257",0,0,74517825529,74817997058,75367495315,75174751912,73652113529,74096464310,N/A,N/A,75135496053,75183660753,73472218391,74118447005,75611409611,75975915476",0,0,74889952707,75178418017,75123255164,74287782361,73130794848,73581551182,75471245785,75447749747,N/A,N/A,74535812700,75327020170,75516113665,75460059559",0,0,74818024436,74517855680,75525365895,76169688240,74032545025,74071157598,75728979805,74785863176,75210679200,75066553525,N/A,N/A,72238175092,73210035093",0,0,75178443557,74889981105,75577398674,76031854546,74070945139,74622719764,74933712231,76701926269,75841334341,75368283969,74141965175,73986391027,N/A,N/A"
1744470253,N/A,N/A,72325643345,72973294600,76172400997,75528065642,74099064829,73654710860,76908237371,75828041775,75188722234,75024993477,75329678690,74538459210,75987364488,76410170025",0,0,N/A,N/A,76034553600,75580088385,73584734732,73135389135,72438148845,74163629514,75186343736,75138194585,75159303159,75836101669,76410182338,75987378250",0,0,75305072053,75059938414,N/A,N/A,74625369692,74073584266,74964027925,74900004621,74940299851,75043561513,75025031714,75188761752,73417065468,72876971972",0,0,73316995678,72801412841,75177479564,75370244121,N/A,N/A,75450517171,75474026640,75836158095,75159338111,75043576642,74940315054,73384254167,72835662132",0,0,74520585980,74820774377,75370256043,75177494427,73654770446,74099127291,N/A,N/A,75138241032,75186393107,73474879886,74121130123,75614204167,75978734188",0,0,74892696232,75181177063,75126005290,74290514155,73133433780,73584186096,75474055715,75450546134,N/A,N/A,74538533594,75329754803,75518933857,75462854207",0,0,74820803331,74520614688,75528158961,76172494462,74035285505,74073877864,75731683734,74788578050,75213487768,75069341829,N/A,N/A,72240850062,73212712486",0,0,75181202711,74892723200,75580180562,76034646058,74073650390,74625436293,74936491578,76704726690,75844152741,75371075134,74144648106,73989052296,N/A,N/A"
1744470255,N/A,N/A,72328282477,72975948568,76175208210,75530860654,74101726006,73657368299,76911035450,75830820244,75191512868,75027785438,75332416907,74541180727,75990165387,76412997343",0,0,N/A,N/A,76037344523,75582872052,73587372799,73138030699,72440863320,74166332404,75189076611,75140939591,75162074667,75838913795,76413009642,75990179477",0,0,75307875637,75062710612,N/A,N/A,74628086161,74076287427,74966807477,74902785066,74943100851,75046358680,75027822084,75191549343,73419740761,72879645801",0,0,73319649833,72804054801,75180220667,75373003516,N/A,N/A,75453311512,75476834921,75838968716,75162109176,75046373469,74943119186,73386877064,72838282434",0,0,74523345996,74823555516,75373015513,75180235611,73657429243,74101788454,N/A,N/A,75140986181,75189125380,73477539393,74123810318,75616998492,75981554359",0,0,74895439067,75183938151,75128753897,74293246083,73136075320,73586824329,75476864000,75453343489,N/A,N/A,74541256643,75332493117,75521752518,75465646955",0,0,74823582851,74523376186,75530951914,76175303267,74038025723,74076597681,75734386779,74791292893,75216298711,75072133557,N/A,N/A,72243523684,73215390712",0,0,75183963624,74895467441,75582962949,76037438702,74076355184,74628155763,74939268539,76707524858,75846972403,75373864072,74147328344,73991713539,N/A,N/A"
1744470256,N/A,N/A,72330960971,72978641711,76178046009,75533691401,74104420330,73660062429,76913866625,75833631379,75194339444,75030617053,75335184852,74543940910,75993001371,76415857863",0,0,N/A,N/A,76040166135,75585688777,73590042891,73140702644,72443615420,74169076479,75191839118,75143718165,75164881749,75841758931,76415870218,75993015115",0,0,75310697496,75065512256,N/A,N/A,74630831575,74079018433,74969615403,74905591631,74945927303,75049177930,75030644425,75194368353,73422443529,72882347525",0,0,73322331078,72806721278,75182988669,75375784916,N/A,N/A,75456132849,75479666996,75841806406,75164907397,75049191640,74945944133,73389523006,72840924930",0,0,74526133504,74826363243,75375796890,75183002070,73660114612,74104474002,N/A,N/A,75143755640,75191879254,73480222358,74126515344,75619814499,75984395658",0,0,74898207809,75186725106,75131518985,74296002522,73138738159,73589485358,75479695320,75456161756,N/A,N/A,74544004755,75335253401,75524594975,75468464295",0,0,74826390521,74526162093,75533773764,76178129926,74040793493,74079343088,75737122327,74794036136,75219140762,75074954388,N/A,N/A,72246225659,73218090807",0,0,75186750700,74898235205,75585770703,76040249708,74079084938,74630901473,74942068643,76710346160,75849809615,75376676775,74150033542,73994395016,N/A,N/A"
1744470258,N/A,N/A,72333678507,72981374135,76180926025,75536569116,74107160861,73662803137,76916740459,75836487564,75197213495,75033497710,75337998931,74546744158,75995885652,76418768615",0,0,N/A,N/A,76043032744,75588548782,73592757128,73143419601,72446407566,74171862460,75194647501,75146542863,75167734807,75844652279,76418781037,75995899480",0,0,75313575170,75068370838,N/A,N/A,74633632014,74081800439,74972481004,74908451358,74948811175,75052054340,75033526587,75197245403,73425199091,72885105264",0,0,73325067578,72809442876,75185810860,75378622403,N/A,N/A,75459009532,75482554777,75844701152,75167761867,75052068003,74948827973,73392223008,72843621055",0,0,74528979788,74829231340,75378634333,75185824281,73662857904,74107215650,N/A,N/A,75146581701,75194689162,73482960407,74129275065,75622689833,75987297570",0,0,74901031439,75189570120,75134339570,74298813112,73141455545,73592201158,75482584034,75459038686,N/A,N/A,74546811001,75338069042,75527494182,75471339785",0,0,74829258710,74529008756,75536654545,76181013003,74043621673,74082146414,75739910998,74796830999,75222039913,75077834151,N/A,N/A,72248983451,73220846213",0,0,75189595655,74901059585,75588633576,76043117753,74081868404,74633701820,74944925968,76713221178,75852705537,75379546576,74152796375,73997143484,N/A,N/A"
1744470259,N/A,N/A,72336326304,72984027269,76183725167,75539364745,74109819178,73665462625,76919532701,75839259455,75200003973,75036290418,75340733701,74549467937,75998683271,76421592144",0,0,N/A,N/A,76045814721,75591327090,73595393300,73146056951,72449119280,74174566835,75197376434,75149285701,75170504181,75847458438,76421604627,75998698668",0,0,75316369014,75071145054,N/A,N/A,74636349285,74084501296,74975258836,74911225781,74951606617,75054841946,75036319454,75200034517,73427873910,72887780559",0,0,73327713549,72812082262,75188546578,75381375438,N/A,N/A,75461799429,75485358056,75847507319,75170529726,75054857052,74951621769,73394839667,72846235277",0,0,74531736423,74832007088,75381387454,75188560030,73665514908,74109872785,N/A,N/A,75149324588,75197416513,73485614847,74131951522,75625479106,75990109915",0,0,74903772306,75192330474,75137077354,74301538729,73144092798,73594835893,75485385605,75461829885,N/A,N/A,74549533385,75340800902,75530307996,75474127498",0,0,74832034370,74531766548,75539447219,76183810675,74046360485,74084865293,75742612299,74799539612,75224849426,75080626683,N/A,N/A,72251657218,73223519553",0,0,75192356035,74903800712,75591408879,76045899507,74084567761,74636417815,74947697772,76716011782,75855515303,75382328918,74155467866,73999787111,N/A,N/A"
1744470261,N/A,N/A,72338971585,72986683521,76186529909,75542164068,74112483011,73668126788,76922330054,75842036898,75202797047,75039088676,75343470996,74552192010,76001485262,76424416248",0,0,N/A,N/A,76048603775,75594108856,73598030571,73148698723,72451834648,74177274391,75200107608,75152032669,75173273956,75850268966,76424430098,76001499018",0,0,75319165171,75073922500,N/A,N/A,74639071892,74087208352,74978043038,74914007842,74954407250,75057637907,75039117594,75202827337,73430551753,72890457648",0,0,73330369659,72814723643,75191287838,75384132958,N/A,N/A,75464594791,75488164608,75850317010,75173301093,75057651731,74954424089,73397464129,72848855275",0,0,74534499601,74834788371,75384145453,75191302571,73668176999,74112536028,N/A,N/A,75152070563,75200146209,73488275737,74134630801,75628273286,75992927735",0,0,74906519345,75195095004,75139818858,74304270423,73146734342,73597472909,75488193607,75464625165,N/A,N/A,74552256962,75343536749,75533127379,75476921691",0,0,74834817156,74534528959,75542246143,76186613540,74049106013,74087589419,75745319539,74802254719,75227665312,75083422214,N/A,N/A,72254335300,73226198511",0,0,75195120526,74906546232,75594192048,76048687175,74087274797,74639140255,74950473592,76718809035,75858343045,75385129869,74158159381,74002457258,N/A,N/A"
1744470262,N/A,N/A,72341625462,72989350428,76189351280,75544970447,74115155581,73670795499,76925142007,75844826763,75205599639,75041893963,75346220629,74554927356,76004297518,76427256521",0,0,N/A,N/A,76051408291,75596905955,73600681493,73151352092,72454563278,74179990464,75202851441,75154789260,75176058507,75853093669,76427268787,76004311233",0,0,75321974686,75076712172,N/A,N/A,74641803462,74089926877,74980838506,74916806342,74957226005,75060450969,75041922886,75205628547,73433242558,72893147179",0,0,73333038262,72817379158,75194044874,75386908013,N/A,N/A,75467406347,75490988505,75853142692,75176085670,75060464737,74957242876,73400097639,72851486143",0,0,74537276746,74837586538,75386922952,75194061260,73670850408,74115213528,N/A,N/A,75154831000,75202892947,73490952299,74137328733,75631085231,75995767099",0,0,74909279062,75197870329,75142587552,74307022503,73149390840,73600126876,75491021116,75467439842,N/A,N/A,74554996379,75346290973,75535965273,75479733684",0,0,74837615459,74537318875,75545067817,76189450758,74051874408,74090335534,75748048404,74804996286,75230500666,75086237572,N/A,N/A,72257035626,73228901648",0,0,75197905380,74909316535,75597000226,76051504200,74090005473,74641885225,74953276573,76721632870,75861177634,75387937077,74160854560,74005132601,N/A,N/A"
1744470264,N/A,N/A,72344285141,72992019733,76192174605,75547776180,74117835203,73673467960,76927958339,75847621535,75208400114,75044699141,75348971722,74557664509,76007111448,76430094779",0,0,N/A,N/A,76054217105,75599703475,73603335094,73154010270,72457294497,74182709299,75205598509,75157549837,75178845536,75855920838,76430107053,76007126254",0,0,75324782842,75079502042,N/A,N/A,74644537490,74092646966,74983634146,74919606552,74960044837,75063264319,75044726302,75208430380,73435935007,72895833305",0,0,73335707320,72820037496,75196800414,75389682941,N/A,N/A,75470220802,75493813919,75855968276,75178872665,75063277937,74960060031,73402736577,72854122467",0,0,74540048141,74840374897,75389694936,75196815284,73673520015,74117888945,N/A,N/A,75157587353,75205638829,73493624189,74140022373,75633889073,75998597810",0,0,74912035799,75200650477,75145361389,74309777123,73152056512,73602786632,75493850290,75470256977,N/A,N/A,74557735592,75349046273,75538801982,75482543461",0,0,74840409161,74540082220,75547864456,76192266581,74054620628,74093062551,75750760652,74807722613,75233319247,75089036285,N/A,N/A,72259716843,73231587791",0,0,75200675094,74912068953,75599792793,76054306748,74092719088,74644611613,74956065063,76724444549,75864006264,75390736280,74163546009,74007801050,N/A,N/A"
1744470266,N/A,N/A,72346932827,72994675522,76194985576,75550570820,74120497935,73676127611,76930761535,75850400145,75211189102,75047491865,75351709923,74560385540,76009915109,76432921844",0,0,N/A,N/A,76057011190,75602489740,73605973085,73156652069,72460013391,74185415233,75208332234,75160293828,75181617638,75858734085,76432934160,76009927330",0,0,75327579317,75082279915,N/A,N/A,74647255797,74095354273,74986418556,74922391799,74962850540,75066064250,75047519180,75211218010,73438610885,72898505507",0,0,73338360387,72822679307,75199544731,75392445449,N/A,N/A,75473020020,75496624429,75858779938,75181644775,75066077973,74962867314,73405360783,72856744007",0,0,74542807715,74843153533,75392457463,75199559744,73676178030,74120551340,N/A,N/A,75160331035,75208370775,73496284238,74142704861,75636682507,76001416998",0,0,74914789864,75203413217,75148112805,74312508578,73154694008,73605421757,75496659355,75473054879,N/A,N/A,74560458283,75351783031,75541622834,75485338514",0,0,74843187867,74542843431,75550659120,76195075875,74057360003,74095783700,75753466842,74810440174,75236131086,75091825480,N/A,N/A,72262389165,73234263744",0,0,75203435689,74914813707,75602577578,76057100829,74095426598,74647331322,74958843711,76727246909,75866826220,75393527357,74166228803,74010462785,N/A,N/A"
1744470267,N/A,N/A,72349501756,72997244837,76197704439,75553273626,74123072429,73678695739,76933470309,75853087159,75213881331,75050187479,75354354953,74563014965,76012617458,76435649350",0,0,N/A,N/A,76059706917,75605173941,73608513959,73159196194,72462631551,74188021038,75210962699,75162935186,75184288221,75861440992,76435654041,76012622695",0,0,75330268148,75084948123,N/A,N/A,74649870023,74097955853,74989090827,74925068265,74965548559,75068756883,75050197640,75213892824,73441179391,72901068090",0,0,73340906092,72825210727,75202176421,75395094440,N/A,N/A,75475699850,75499317046,75861473231,75184297901,75068762255,74965554576,73407873330,72859251591",0,0,74545445704,74845809660,75395099594,75202181544,73678713877,74123091302,N/A,N/A,75162949339,75210977296,73498822444,74145264357,75639348406,76004109308",0,0,74917394168,75206033251,75150722265,74315100670,73157199094,73607922798,75499328250,75475711502,N/A,N/A,74563038304,75354379547,75544298951,75487987442",0,0,74845820677,74545456511,75553304878,76197736049,74059950010,74098354481,75756024643,74813008899,75238786919,75094461046,N/A,N/A,72264912257,73236791202",0,0,75206042783,74917404828,75605204750,76059738889,74097980247,74649895178,74961465345,76729888712,75869488960,75396160029,74168756591,74012968370,N/A,N/A"
1744470269,N/A,N/A,72364211313,73012446895,76213134836,75568676480,74138451614,73694040585,76949058000,75868562012,75229098415,75065363759,75369693123,74578265603,76027949108,76450937268",0,0,N/A,N/A,76075101691,75620602719,73623893627,73174577478,72476703199,74203428603,75226487833,75178446038,75199759023,75876942034,76451005350,76028032273",0,0,75345680318,75100370657,N/A,N/A,74665238864,74113329452,75004389844,74940449998,74980883221,75084102454,75065513377,75229248909,73456455093,72916319485",0,0,73356546924,72840624559,75217820594,75410722699,N/A,N/A,75491349956,75514978299,75877088812,75199882212,75084169097,74980952269,73423564379,72874712072",0,0,74560910771,74861311858,75410778173,75217888477,73694305626,74138718860,N/A,N/A,75178635621,75226695434,73514509346,74160935945,75655037933,76019749096",0,0,74933098991,75221734017,75166433421,74330630155,73172822482,73623554949,75515103603,75491495282,N/A,N/A,74578584509,75370016556,75559863173,75503686596",0,0,74861436743,74561047178,75569060555,76213531268,74075556725,74113937823,75772352607,74828679757,75254310281,75109999228,N/A,N/A,72280288034,73252264223",0,0,75221791632,74933156337,75620930752,76075428020,74113563956,74665482165,74977102660,76745760552,75885130178,75411815742,74184507227,74028736646,N/A,N/A"
1744470270,N/A,N/A,72367146503,73015396732,76216239023,75571752797,74141393721,73696975416,76952149433,75871617455,75232161019,75068430240,75372686385,74581239970,76031016968,76454027164",0,0,N/A,N/A,76078133722,75623627534,73626764232,73177446229,72479646063,74206362079,75229442488,75181410792,75202741405,75879966629,76454039579,76031030755",0,0,75348653435,75103329682,N/A,N/A,74668129733,74116199898,75007344155,74943406394,74983843924,75087059609,75068457657,75232191418,73459282739,72919131224",0,0,73359335044,72843397920,75220682859,75413604413,N/A,N/A,75494266424,75517898362,75880014021,75202768144,75087073408,74983859282,73426292102,72877425417",0,0,74563760873,74864168122,75413616417,75220697716,73697027395,74141447083,N/A,N/A,75181448023,75229482476,73517231113,74163676208,75657878318,76022611071",0,0,74935867208,75224518853,75169211296,74333390315,73175480551,73626206653,75517926031,75494295530,N/A,N/A,74581305160,75372752682,75562672775,75506471687",0,0,74864196919,74563789449,75571836349,76216323158,74078280959,74116643545,75775045638,74831396145,75257119035,75112786405,N/A,N/A,72282961479,73254940737",0,0,75224553594,74935904548,75623719859,76078226285,74116275124,74668208065,74979891172,76748571232,75887962566,75414620370,74187203335,74031412632,N/A,N/A"
1744470272,N/A,N/A,72369799527,73018061946,76219059420,75574556453,74144065717,73699643197,76954960538,75874406101,75234959063,75071231152,75375433388,74583970341,76033825845,76456863079",0,0,N/A,N/A,76080935645,75626421657,73629410487,73180095215,72482373180,74209076681,75232185013,75184163856,75205521927,75882787486,76456875456,76033839686",0,0,75351459514,75106117119,N/A,N/A,74670857726,74118916813,75010136678,74946202322,74986660656,75089870960,75071259448,75234988012,73461969624,72921816211",0,0,73361998752,72846049437,75223435862,75416375897,N/A,N/A,75497076935,75520720500,75882836297,75205550686,75089887814,74986679084,73428927830,72880058726",0,0,74566533245,74866961179,75416390850,75223452211,73699698201,74144122219,N/A,N/A,75184207264,75232229675,73519907122,74166374634,75660689969,76025449367",0,0,74938640979,75227306238,75171993529,74336152966,73178147269,73628869318,75520769015,75497126809,N/A,N/A,74584054875,75375518398,75565524804,75509295402",0,0,74867004665,74566579634,75574660122,76219165372,74081053304,74119395745,75777780806,74834133743,75259951418,75115596854,N/A,N/A,72285659599,73257643426",0,0,75227339255,74938675243,75626530945,76081046753,74119007971,74670952155,74982699555,76751402649,75890814793,75417441060,74189914475,74034101306,N/A,N/A"
1744470273,N/A,N/A,72372524452,73020801385,76221952246,75577434097,74146811386,73702386044,76957848342,75877270139,75237834431,75074109768,75378253383,74586777087,76036714741,76459776885",0,0,N/A,N/A,76083813371,75629290005,73632128133,73182816784,72485173067,74211865249,75235002405,75186994209,75208379940,75885686314,76459789215,76036728443",0,0,75354340994,75108978874,N/A,N/A,74673660352,74121705698,75013004138,74949071225,74989554106,75092758456,75074137132,75237863248,73464729862,72924572899",0,0,73364741009,72848775082,75226261703,75419220386,N/A,N/A,75499958861,75523615479,75885733912,75208405738,75092772233,74989570997,73431634981,72882761415",0,0,74569374922,74869821954,75419232386,75226275151,73702436640,74146866451,N/A,N/A,75187032377,75235042612,73522645130,74169135121,75663563070,76028348832",0,0,74941450765,75230133617,75174812469,74338953960,73180852750,73631570676,75523644674,75499989480,N/A,N/A,74586842432,75378320550,75568410589,75512155018",0,0,74869850959,74569405183,75577516360,76222036455,74083858739,74122179769,75780545682,74836912440,75262823296,75118449247,N/A,N/A,72288394645,73260379284",0,0,75230159508,74941479171,75629373504,76083898677,74121771973,74673728420,74985536075,76754260632,75893692436,75420290726,74192653002,74036817517,N/A,N/A"
1744470275,N/A,N/A,72375178026,73023469563,76224765362,75580243754,74149486296,73705060154,76960655457,75880059580,75240640141,75076920984,75381002551,74589513614,76039527892,76462616900",0,0,N/A,N/A,76086613010,75632082180,73634778748,73185468875,72487899890,74214584073,75237745716,75189752202,75211162502,75888508049,76462629213,76039541647",0,0,75357149220,75111768764,N/A,N/A,74676395457,74124425705,75015801555,74951864998,74992368463,75095565617,75076949945,75240669266,73467420730,72927264598",0,0,73367409733,72851429684,75229015420,75421989583,N/A,N/A,75502766256,75526432952,75888555431,75211189614,75095579325,74992384857,73434271105,72885395844",0,0,74572152003,74872618117,75422001549,75229030347,73705110836,74149539798,N/A,N/A,75189789542,75237784163,73525318865,74171829408,75666367490,76031178443",0,0,74944207703,75232908745,75177565372,74341696237,73183503077,73634219711,75526462087,75502795293,N/A,N/A,74589578891,75381068174,75571241626,75514960803",0,0,74872647035,74572180638,75580326099,76224848551,74086616946,74124917169,75783266397,74839638362,75265651850,75121256832,N/A,N/A,72291086175,73263069879",0,0,75232934291,74944234547,75632163963,76086696362,74124490980,74676463783,74988323571,76757067152,75896520456,75423090354,74195345950,74039491474,N/A,N/A"
1744470276,N/A,N/A,72377848626,73026153300,76227594748,75583069833,74152174017,73707750231,76963478090,75882861766,75243462172,75079748963,75383763467,74592266738,76042359289,76465472533",0,0,N/A,N/A,76089426781,75634893105,73637443649,73188135442,72490640229,74217319686,75240500710,75192524126,75213961854,75891345875,76465484802,76042373002",0,0,75359977074,75114574370,N/A,N/A,74679146519,74127159528,75018612307,74954672053,74995198059,75098388181,75079776431,75243492216,73470126826,72929972196",0,0,73370094433,72854099287,75231786139,75424775650,N/A,N/A,75505587549,75529267272,75891393403,75213987590,75098401791,74995213200,73436921109,72888041525",0,0,74574942631,74875430892,75424787545,75231799491,73707801119,74152227830,N/A,N/A,75192563090,75240539388,73528007083,74174537802,75669188803,76034024126",0,0,74946979755,75235700575,75180333116,74344456101,73186171224,73636886134,75529295585,75505617869,N/A,N/A,74592330698,75383830587,75574085596,75517780440",0,0,74875459712,74574972677,75583152275,76227678717,74089392523,74127668208,75786000431,74842378619,75268495792,75124081704,N/A,N/A,72293793572,73265775829",0,0,75235727627,74947006576,75634975108,76089512000,74127225940,74679214773,74991127374,76759889973,75899363168,75425909785,74198054285,74042178057,N/A,N/A"
1744470278,N/A,N/A,72380525775,73028846510,76230433047,75585906996,74154872256,73710449718,76966308419,75885674120,75246292808,75082583927,75386536871,74595028810,76045200119,76468338252",0,0,N/A,N/A,76092251429,75637711335,73640118009,73190812550,72493392183,74220065539,75243269220,75195308867,75216770222,75894193462,76468350615,76045213872",0,0,75362816538,75117391428,N/A,N/A,74681908254,74129905471,75021434575,74957491654,74998039521,75101221848,75082617490,75246327541,73472849090,72932694689",0,0,73372791850,72856782102,75234569012,75427571930,N/A,N/A,75508425636,75532117346,75894248492,75216803406,75101241592,74998060800,73439585294,72890704202",0,0,74577754995,74878264647,75427591351,75234589864,73710512042,74154936042,N/A,N/A,75195359623,75243321098,73530714989,74177267227,75672032388,76036894271",0,0,74949774514,75238517908,75183126629,74347239362,73188861292,73639574860,75532154000,75508463718,N/A,N/A,74595110265,75386620130,75576961949,75520630159",0,0,74878312822,74577804272,75586019666,76230548911,74092208019,74130461360,75788778529,74845162809,75271384747,75126950836,N/A,N/A,72296543951,73268524280",0,0,75238567719,74949826964,75637831018,76092372984,74130005889,74682012260,74993977514,76762759929,75902258283,75428777853,74200810097,74044913832,N/A,N/A"
1744470280,N/A,N/A,72383167189,73031503743,76233233974,75588704914,74157533555,73713110619,76969098266,75888446807,75249088856,75085382848,75389271103,74597755285,76048000651,76471165189",0,0,N/A,N/A,76095037071,75640492368,73642756868,73193451781,72496107782,74222773963,75245995288,75198053021,75219541714,75897002204,76471177588,76048015943",0,0,75365611293,75120167407,N/A,N/A,74684630447,74132608299,75024217340,74960268783,75000836546,75104009921,75085411667,75249119169,73475521548,72935369491",0,0,73375443442,72859420712,75237306065,75430323867,N/A,N/A,75511213550,75534916604,75897049699,75219567405,75104024293,75000851840,73442198751,72893313441",0,0,74580508292,74881038707,75430335816,75237319490,73713162794,74157585787,N/A,N/A,75198088936,75246033853,73533358810,74179931551,75674809388,76039697533",0,0,74952504743,75241267737,75185851485,74349954883,73191485905,73642197691,75534944242,75511242542,N/A,N/A,74597819179,75389338181,75579757719,75523402790",0,0,74881066185,74580537038,75588787183,76233317749,74094922096,74133152485,75791456184,74847845977,75274166601,75129715255,N/A,N/A,72299191071,73271169250",0,0,75241293390,74952532991,75640574196,76095131349,74132685039,74684707653,74996718763,76765520759,75905039132,75431533520,74203456897,74047540029,N/A,N/A"
1744470281,N/A,N/A,72385766389,73034120212,76235993652,75591464489,74160155110,73715735755,76971851559,75891179862,75251842671,75088142134,75391968307,74600442051,76050764532,76473952401",0,0,N/A,N/A,76097783057,75643233329,73645358579,73196056874,72498782858,74225445221,75248687444,75200759232,75222274550,75899775420,76473964951,76050778316",0,0,75368369110,75122905255,N/A,N/A,74687313743,74135275531,75026961331,74963008736,75003597495,75106764793,75088171034,75251873074,73478160089,72938012304",0,0,73378061274,72862022628,75240007211,75433040590,N/A,N/A,75513969076,75537681094,75899823032,75222301861,75106778521,75003612847,73444784364,72895895544",0,0,74583233965,74883782908,75433052651,75240022174,73715786624,74160208755,N/A,N/A,75200796735,75248726143,73535981889,74182575043,75677562395,76042473980",0,0,74955210956,75243992597,75188552931,74352647507,73194091204,73644801123,75537708696,75513998057,N/A,N/A,74600507498,75392033913,75582535634,75526154468",0,0,74883810229,74583262650,75591546728,76236077481,74097628706,74135837833,75794125772,74850521092,75276943931,75132474277,N/A,N/A,72301832402,73273807756",0,0,75244016705,74955239381,75643315382,76097865218,74135341852,74687381964,74999442371,76768263207,75907802200,75434273484,74206091461,74050152764,N/A,N/A"
1744470283,N/A,N/A,72388427885,73036795080,76238810622,75594279234,74162833606,73718415645,76974662294,75893971914,75254656857,75090959682,75394719679,74603186274,76053585175,76476800266",0,0,N/A,N/A,76100587341,75646033761,73648016206,73198714025,72501517731,74228172871,75251435495,75203525413,75225065477,75902605605,76476812650,76053600512",0,0,75371188021,75125703448,N/A,N/A,74690056105,74138001588,75029767018,74965809776,75006418183,75109578166,75090989748,75254687388,73480858762,72940712517",0,0,73380736259,72864682573,75242767274,75435815066,N/A,N/A,75516783242,75540506544,75902653906,75225092705,75109590293,75006433426,73447423608,72898530592",0,0,74586017388,74886588871,75435828597,75242782228,73718469296,74162888764,N/A,N/A,75203564304,75251475715,73538660149,74185274858,75680376653,76045313109",0,0,74957975601,75246775695,75191313939,74355400493,73196751154,73647460151,75540537113,75516813755,N/A,N/A,74603253232,75394788671,75585374677,75528968381",0,0,74886617650,74586047521,75594364451,76238899429,74100396528,74138583544,75796857599,74853258965,75279782804,75135292195,N/A,N/A,72304535099,73276509379",0,0,75246802758,74958003958,75646118830,76100674108,74138070819,74690127247,75002240691,76771079057,75910640866,75437085293,74208792799,74052832573,N/A,N/A"
1744470284,N/A,N/A,72391098625,73039479945,76241642675,75597107166,74165523277,73721105635,76977485194,75896775761,75257479252,75093786068,75397482791,74605938741,76056416324,76479655732",0,0,N/A,N/A,76103400435,75648842493,73650680794,73201379212,72504259461,74230909742,75254191733,75206295541,75227862946,75905441943,76479666505,76056428561",0,0,75374010306,75128505994,N/A,N/A,74692803133,74140731914,75032574404,74968613260,75009244736,75112397004,75093813447,75257506593,73483560928,72943416390",0,0,73383416593,72867348470,75245532636,75438596858,N/A,N/A,75519603383,75543337825,75905490852,75227890039,75112410531,75009261362,73450067322,72901170903",0,0,74588805625,74889397409,75438609109,75245547625,73721157809,74165575575,N/A,N/A,75206335720,75254233298,73541343721,74187978444,75683195956,76048157707",0,0,74960747543,75249567699,75194081506,74358157994,73199416108,73650124531,75543369765,75519635305,N/A,N/A,74606005068,75397549724,75588220622,75531789035",0,0,74889427577,74588838316,75597200030,76241737465,74103179716,74141341089,75799603915,74856009674,75282635622,75138125877,N/A,N/A,72307247904,73279220355",0,0,75249602504,74960781965,75648935241,76103496499,74140809921,74692882944,75005049203,76773906758,75913487072,75439907501,74211503745,74055523515,N/A,N/A"
1744470286,N/A,N/A,72393723119,73042119285,76244423846,75599885787,74168168189,73723753267,76980261006,75899532448,75260255292,75096568137,75400202117,74608647942,76059202040,76482468246",0,0,N/A,N/A,76106173344,75651609271,73653305972,73204005053,72506962059,74233604656,75256907321,75209026647,75230622718,75908240323,76482480561,76059215797",0,0,75376795235,75131271437,N/A,N/A,74695511838,74143425001,75035343134,74971378077,75012030574,75115176044,75096597153,75260285734,73486225007,72946081474",0,0,73386060514,72869978869,75248261368,75441338067,N/A,N/A,75522383461,75546128821,75908287817,75230649890,75115189634,75012047270,73452677846,72903777528",0,0,74591554277,74892165449,75441349974,75248276199,73723803798,74168221591,N/A,N/A,75209064081,75256946023,73543983477,74190639221,75685971236,76050956279",0,0,74963473837,75252314162,75196802748,74360870091,73202039437,73652747135,75546157868,75522413309,N/A,N/A,74608713338,75400267705,75591019534,75534564606",0,0,74892194294,74591582921,75599968049,76244507773,74105898919,74144038844,75802286708,74858700240,75285425861,75140897473,N/A,N/A,72309902956,73281874024",0,0,75252339789,74963500781,75651691327,76106257096,74143491406,74695592104,75007807735,76776683990,75916284740,75442678956,74214164670,74058163523,N/A,N/A"
1744470287,N/A,N/A,72396369711,73044779640,76247230472,75602687185,74170832863,73726419294,76983057394,75902309805,75263052849,75099369720,75402941454,74611377822,76062006591,76485298057",0,0,N/A,N/A,76108963986,75654395425,73655948740,73206649679,72509681842,74236317337,75259640668,75211776612,75233397575,75911054107,76485310423,76062020417",0,0,75379594941,75134052348,N/A,N/A,74698237619,74146134044,75038130376,74974162552,75014834348,75117972317,75099397881,75263081631,73488906139,72948764350",0,0,73388719398,72872623056,75251005119,75444096518,N/A,N/A,75525181803,75548938502,75911101618,75233424806,75117985975,75014851105,73455304115,72906400098",0,0,74594321786,74894953920,75444108477,75251020055,73726470098,74170886577,N/A,N/A,75211814044,75259679257,73546646649,74193323427,75688767570,76053777285",0,0,74966221090,75255081902,75199548173,74363604638,73204683710,73655389399,75548966150,75525210852,N/A,N/A,74611443113,75403006929,75593838934,75537360804",0,0,74894982625,74594350440,75602769598,76247312907,74108647683,74146764934,75804998583,74861418598,75288243477,75143698237,N/A,N/A,72312584393,73284553762",0,0,75255118340,74966258303,75654484771,76109056390,74146207655,74698313020,75010583274,76779478625,75919100485,75445468660,74216848659,74060826642,N/A,N/A"
1744470289,N/A,N/A,72399004357,73047429501,76250022581,75605476760,74173488308,73729075928,76985844143,75905075993,75265839709,75102162226,75405668270,74614096578,76064803524,76488118531",0,0,N/A,N/A,76111741978,75657168609,73658581532,73209283266,72512390036,74239019586,75262362966,75214514902,75236163035,75913858872,76488130823,76064817269",0,0,75382386774,75136823124,N/A,N/A,74700954238,74148831931,75040907433,74976935086,75017628790,75120758457,75102189541,75265868490,73491579471,72951437577",0,0,73391370509,72875257552,75253739603,75446846213,N/A,N/A,75527967428,75551736678,75913906317,75236188688,75120770639,75017644048,73457919839,72909011498",0,0,74597076699,74897730999,75446858113,75253752973,73729126549,74173541158,N/A,N/A,75214553699,75262401505,73549300150,74195998388,75691552088,76056586494",0,0,74968958335,75257838037,75202280243,74366329060,73207318890,73658022430,75551764266,75527997966,N/A,N/A,74614160314,75405735314,75596648379,75540143823",0,0,74897758355,74597106915,75605558952,76250106363,74111387480,74149482332,75807700863,74864128192,75291051896,75146486934,N/A,N/A,72315257423,73287226901",0,0,75257863652,74968985315,75657250446,76111825464,74148899865,74701032439,75013350771,76782265049,75921907170,75448251555,74219523743,74063479024,N/A,N/A"
1744470290,N/A,N/A,72401669794,73050110853,76252848454,75608301612,74176174806,73731762935,76988661454,75907875190,75268659055,75104984058,75408432774,74616850291,76067631278,76490972586",0,0,N/A,N/A,76114554812,75659976500,73661245450,73211949608,72515130763,74241752681,75265119702,75217288642,75238960284,75916694757,76490984953,76067645059",0,0,75385212302,75139626938,N/A,N/A,74703701642,74151563915,75043715854,74979741171,75020454790,75123576011,75105011570,75268688020,73494282721,72954142115",0,0,73394051566,72877924320,75256505531,75449627385,N/A,N/A,75530787238,75554567586,75916741932,75238985740,75123589643,75020471524,73460567272,72911654142",0,0,74599864019,74900539286,75449639330,75256518527,73731813460,74176228263,N/A,N/A,75217325971,75265159612,73551982942,74198701628,75694370557,76059430250",0,0,74971729319,75260628726,75205046192,74369086244,73209992121,73660698386,75554605360,75530826350,N/A,N/A,74616921632,75408507311,75599502498,75542972762",0,0,74900575288,74599902952,75608392953,76252943003,74114170594,74152241808,75810443874,74866879507,75293903986,75149320468,N/A,N/A,72317973560,73289941816",0,0,75260666634,74971766995,75660066991,76114648618,74151639186,74703780278,75016149953,76785083944,75924748327,75451066961,74222229940,74066164494,N/A,N/A"
1744470292,N/A,N/A,72402311815,73050757191,76253529861,75608981248,74176820151,73732407443,76989336866,75908544955,75269333274,75105659624,75409090517,74617504679,76068303294,76491650565",0,0,N/A,N/A,76115218619,75660637248,73661873564,73212576154,72515773111,74242392870,75265764198,75217935830,75239613847,75917355382,76491650565,76068303293",0,0,75385865408,75140275299,N/A,N/A,74704337501,74152193933,75044363621,74980386395,75021105020,75124222971,75105659623,75269333274,73494900208,72954758534",0,0,73394660451,72878527688,75257131552,75450255770,N/A,N/A,75531423033,75555204746,75917378328,75239613846,75124222970,75021105019,73461159839,72912245732",0,0,74600485394,74901164307,75450255737,75257131551,73732407442,74176820151,N/A,N/A,75217935829,75265764198,73552572574,74199295063,75694987551,76060051803",0,0,74972331145,75261234734,75205645584,74369680995,73210560260,73661262992,75555204745,75531423032,N/A,N/A,74617504678,75409090516,75600099603,75543564097",0,0,74901164307,74600485394,75608981248,76253529860,74114744395,74152811226,75811008564,74867443297,75294488666,75149901647,N/A,N/A,72318527512,73290495351",0,0,75261234733,74972331143,75660637247,76115218619,74152193966,74704337533,75016713965,76785651449,75925320968,75451632953,74222772149,74066703063,N/A,N/A"
1744470294,N/A,N/A,72402311815,73050757191,76253529861,75608981248,74176820151,73732407443,76989336866,75908544955,75269333274,75105659624,75409090517,74617504679,76068303294,76491650565",0,0,N/A,N/A,76115218619,75660637248,73661873564,73212576154,72515773111,74242392870,75265764198,75217935830,75239613847,75917355382,76491650565,76068303293",0,0,75385865408,75140275299,N/A,N/A,74704337501,74152193933,75044363621,74980386395,75021105020,75124222971,75105659623,75269333274,73494900208,72954758534",0,0,73394660451,72878527688,75257131552,75450255770,N/A,N/A,75531423033,75555204746,75917378328,75239613846,75124222970,75021105019,73461159839,72912245732",0,0,74600485394,74901164307,75450255737,75257131551,73732407442,74176820151,N/A,N/A,75217935829,75265764198,73552572574,74199295063,75694987551,76060051803",0,0,74972331145,75261234734,75205645584,74369680995,73210560260,73661262992,75555204745,75531423032,N/A,N/A,74617504678,75409090516,75600099603,75543564097",0,0,74901164307,74600485394,75608981248,76253529860,74114744395,74152811226,75811008564,74867443297,75294488666,75149901647,N/A,N/A,72318527512,73290495351",0,0,75261234733,74972331143,75660637247,76115218619,74152193966,74704337533,75016713965,76785651449,75925320968,75451632953,74222772149,74066703063,N/A,N/A"
1744470295,N/A,N/A,72402311815,73050757191,76253529861,75608981248,74176820151,73732407443,76989336866,75908544955,75269333274,75105659624,75409090517,74617504679,76068303294,76491650565",0,0,N/A,N/A,76115218619,75660637248,73661873564,73212576154,72515773111,74242392870,75265764198,75217935830,75239613847,75917355382,76491650565,76068303293",0,0,75385865408,75140275299,N/A,N/A,74704337501,74152193933,75044363621,74980386395,75021105020,75124222971,75105659623,75269333274,73494900208,72954758534",0,0,73394660451,72878527688,75257131552,75450255770,N/A,N/A,75531423033,75555204746,75917378328,75239613846,75124222970,75021105019,73461159839,72912245732",0,0,74600485394,74901164307,75450255737,75257131551,73732407442,74176820151,N/A,N/A,75217935829,75265764198,73552572574,74199295063,75694987551,76060051803",0,0,74972331145,75261234734,75205645584,74369680995,73210560260,73661262992,75555204745,75531423032,N/A,N/A,74617504678,75409090516,75600099603,75543564097",0,0,74901164307,74600485394,75608981248,76253529860,74114744395,74152811226,75811008564,74867443297,75294488666,75149901647,N/A,N/A,72318527512,73290495351",0,0,75261234733,74972331143,75660637247,76115218619,74152193966,74704337533,75016713965,76785651449,75925320968,75451632953,74222772149,74066703063,N/A,N/A"
1744470297,N/A,N/A,72402311815,73050757191,76253529861,75608981248,74176820151,73732407443,76989336866,75908544955,75269333274,75105659624,75409090517,74617504679,76068303294,76491650565",0,0,N/A,N/A,76115218619,75660637248,73661873564,73212576154,72515773111,74242392870,75265764198,75217935830,75239613847,75917355382,76491650565,76068303293",0,0,75385865408,75140275299,N/A,N/A,74704337501,74152193933,75044363621,74980386395,75021105020,75124222971,75105659623,75269333274,73494900208,72954758534",0,0,73394660451,72878527688,75257131552,75450255770,N/A,N/A,75531423033,75555204746,75917378328,75239613846,75124222970,75021105019,73461159839,72912245732",0,0,74600485394,74901164307,75450255737,75257131551,73732407442,74176820151,N/A,N/A,75217935829,75265764198,73552572574,74199295063,75694987551,76060051803",0,0,74972331145,75261234734,75205645584,74369680995,73210560260,73661262992,75555204745,75531423032,N/A,N/A,74617504678,75409090516,75600099603,75543564097",0,0,74901164307,74600485394,75608981248,76253529860,74114744395,74152811226,75811008564,74867443297,75294488666,75149901647,N/A,N/A,72318527512,73290495351",0,0,75261234733,74972331143,75660637247,76115218619,74152193966,74704337533,75016713965,76785651449,75925320968,75451632953,74222772149,74066703063,N/A,N/A"
1744470298,N/A,N/A,72402311815,73050757191,76253529861,75608981248,74176820151,73732407443,76989336866,75908544955,75269333274,75105659624,75409090517,74617504679,76068303294,76491650565",0,0,N/A,N/A,76115218619,75660637248,73661873564,73212576154,72515773111,74242392870,75265764198,75217935830,75239613847,75917355382,76491650565,76068303293",0,0,75385865408,75140275299,N/A,N/A,74704337501,74152193933,75044363621,74980386395,75021105020,75124222971,75105659623,75269333274,73494900208,72954758534",0,0,73394660451,72878527688,75257131552,75450255770,N/A,N/A,75531423033,75555204746,75917378328,75239613846,75124222970,75021105019,73461159839,72912245732",0,0,74600485394,74901164307,75450255737,75257131551,73732407442,74176820151,N/A,N/A,75217935829,75265764198,73552572574,74199295063,75694987551,76060051803",0,0,74972331145,75261234734,75205645584,74369680995,73210560260,73661262992,75555204745,75531423032,N/A,N/A,74617504678,75409090516,75600099603,75543564097",0,0,74901164307,74600485394,75608981248,76253529860,74114744395,74152811226,75811008564,74867443297,75294488666,75149901647,N/A,N/A,72318527512,73290495351",0,0,75261234733,74972331143,75660637247,76115218619,74152193966,74704337533,75016713965,76785651449,75925320968,75451632953,74222772149,74066703063,N/A,N/A"
1744470300,N/A,N/A,72402311815,73050757191,76253529861,75608981248,74176820151,73732407443,76989336866,75908544955,75269333274,75105659624,75409090517,74617504679,76068303294,76491650565",0,0,N/A,N/A,76115218619,75660637248,73661873564,73212576154,72515773111,74242392870,75265764198,75217935830,75239613847,75917355382,76491650565,76068303293",0,0,75385865408,75140275299,N/A,N/A,74704337501,74152193933,75044363621,74980386395,75021105020,75124222971,75105659623,75269333274,73494900208,72954758534",0,0,73394660451,72878527688,75257131552,75450255770,N/A,N/A,75531423033,75555204746,75917378328,75239613846,75124222970,75021105019,73461159839,72912245732",0,0,74600485394,74901164307,75450255737,75257131551,73732407442,74176820151,N/A,N/A,75217935829,75265764198,73552572574,74199295063,75694987551,76060051803",0,0,74972331145,75261234734,75205645584,74369680995,73210560260,73661262992,75555204745,75531423032,N/A,N/A,74617504678,75409090516,75600099603,75543564097",0,0,74901164307,74600485394,75608981248,76253529860,74114744395,74152811226,75811008564,74867443297,75294488666,75149901647,N/A,N/A,72318527512,73290495351",0,0,75261234733,74972331143,75660637247,76115218619,74152193966,74704337533,75016713965,76785651449,75925320968,75451632953,74222772149,74066703063,N/A,N/A"
1744470301,N/A,N/A,72402311815,73050757191,76253529861,75608981248,74176820151,73732407443,76989336866,75908544955,75269333274,75105659624,75409090517,74617504679,76068303294,76491650565",0,0,N/A,N/A,76115218619,75660637248,73661873564,73212576154,72515773111,74242392870,75265764198,75217935830,75239613847,75917355382,76491650565,76068303293",0,0,75385865408,75140275299,N/A,N/A,74704337501,74152193933,75044363621,74980386395,75021105020,75124222971,75105659623,75269333274,73494900208,72954758534",0,0,73394660451,72878527688,75257131552,75450255770,N/A,N/A,75531423033,75555204746,75917378328,75239613846,75124222970,75021105019,73461159839,72912245732",0,0,74600485394,74901164307,75450255737,75257131551,73732407442,74176820151,N/A,N/A,75217935829,75265764198,73552572574,74199295063,75694987551,76060051803",0,0,74972331145,75261234734,75205645584,74369680995,73210560260,73661262992,75555204745,75531423032,N/A,N/A,74617504678,75409090516,75600099603,75543564097",0,0,74901164307,74600485394,75608981248,76253529860,74114744395,74152811226,75811008564,74867443297,75294488666,75149901647,N/A,N/A,72318527512,73290495351",0,0,75261234733,74972331143,75660637247,76115218619,74152193966,74704337533,75016713965,76785651449,75925320968,75451632953,74222772149,74066703063,N/A,N/A"
1744470303,N/A,N/A,72402311815,73050757191,76253529861,75608981248,74176820151,73732407443,76989336866,75908544955,75269333274,75105659624,75409090517,74617504679,76068303294,76491650565",0,0,N/A,N/A,76115218619,75660637248,73661873564,73212576154,72515773111,74242392870,75265764198,75217935830,75239613847,75917355382,76491650565,76068303293",0,0,75385865408,75140275299,N/A,N/A,74704337501,74152193933,75044363621,74980386395,75021105020,75124222971,75105659623,75269333274,73494900208,72954758534",0,0,73394660451,72878527688,75257131552,75450255770,N/A,N/A,75531423033,75555204746,75917378328,75239613846,75124222970,75021105019,73461159839,72912245732",0,0,74600485394,74901164307,75450255737,75257131551,73732407442,74176820151,N/A,N/A,75217935829,75265764198,73552572574,74199295063,75694987551,76060051803",0,0,74972331145,75261234734,75205645584,74369680995,73210560260,73661262992,75555204745,75531423032,N/A,N/A,74617504678,75409090516,75600099603,75543564097",0,0,74901164307,74600485394,75608981248,76253529860,74114744395,74152811226,75811008564,74867443297,75294488666,75149901647,N/A,N/A,72318527512,73290495351",0,0,75261234733,74972331143,75660637247,76115218619,74152193966,74704337533,75016713965,76785651449,75925320968,75451632953,74222772149,74066703063,N/A,N/A"
1744470304,N/A,N/A,72402311815,73050757191,76253529861,75608981248,74176820151,73732407443,76989336866,75908544955,75269333274,75105659624,75409090517,74617504679,76068303294,76491650565",0,0,N/A,N/A,76115218619,75660637248,73661873564,73212576154,72515773111,74242392870,75265764198,75217935830,75239613847,75917355382,76491650565,76068303293",0,0,75385865408,75140275299,N/A,N/A,74704337501,74152193933,75044363621,74980386395,75021105020,75124222971,75105659623,75269333274,73494900208,72954758534",0,0,73394660451,72878527688,75257131552,75450255770,N/A,N/A,75531423033,75555204746,75917378328,75239613846,75124222970,75021105019,73461159839,72912245732",0,0,74600485394,74901164307,75450255737,75257131551,73732407442,74176820151,N/A,N/A,75217935829,75265764198,73552572574,74199295063,75694987551,76060051803",0,0,74972331145,75261234734,75205645584,74369680995,73210560260,73661262992,75555204745,75531423032,N/A,N/A,74617504678,75409090516,75600099603,75543564097",0,0,74901164307,74600485394,75608981248,76253529860,74114744395,74152811226,75811008564,74867443297,75294488666,75149901647,N/A,N/A,72318527512,73290495351",0,0,75261234733,74972331143,75660637247,76115218619,74152193966,74704337533,75016713965,76785651449,75925320968,75451632953,74222772149,74066703063,N/A,N/A"
1744470306,N/A,N/A,72402311815,73050757191,76253529861,75608981248,74176820151,73732407443,76989336866,75908544955,75269333274,75105659624,75409090517,74617504679,76068303294,76491650565",0,0,N/A,N/A,76115218619,75660637248,73661873564,73212576154,72515773111,74242392870,75265764198,75217935830,75239613847,75917355382,76491650565,76068303293",0,0,75385865408,75140275299,N/A,N/A,74704337501,74152193933,75044363621,74980386395,75021105020,75124222971,75105659623,75269333274,73494900208,72954758534",0,0,73394660451,72878527688,75257131552,75450255770,N/A,N/A,75531423033,75555204746,75917378328,75239613846,75124222970,75021105019,73461159839,72912245732",0,0,74600485394,74901164307,75450255737,75257131551,73732407442,74176820151,N/A,N/A,75217935829,75265764198,73552572574,74199295063,75694987551,76060051803",0,0,74972331145,75261234734,75205645584,74369680995,73210560260,73661262992,75555204745,75531423032,N/A,N/A,74617504678,75409090516,75600099603,75543564097",0,0,74901164307,74600485394,75608981248,76253529860,74114744395,74152811226,75811008564,74867443297,75294488666,75149901647,N/A,N/A,72318527512,73290495351",0,0,75261234733,74972331143,75660637247,76115218619,74152193966,74704337533,75016713965,76785651449,75925320968,75451632953,74222772149,74066703063,N/A,N/A"
