Timestamp,gpu,socket_power,gfx_voltage,soc_voltage,mem_voltage,throttle_status,power_management,gfx_0_clk,gfx_0_min_clk,gfx_0_max_clk,gfx_0_clk_locked,gfx_0_deep_sleep,gfx_1_clk,gfx_1_min_clk,gfx_1_max_clk,gfx_1_clk_locked,gfx_1_deep_sleep,gfx_2_clk,gfx_2_min_clk,gfx_2_max_clk,gfx_2_clk_locked,gfx_2_deep_sleep,gfx_3_clk,gfx_3_min_clk,gfx_3_max_clk,gfx_3_clk_locked,gfx_3_deep_sleep,gfx_4_clk,gfx_4_min_clk,gfx_4_max_clk,gfx_4_clk_locked,gfx_4_deep_sleep,gfx_5_clk,gfx_5_min_clk,gfx_5_max_clk,gfx_5_clk_locked,gfx_5_deep_sleep,gfx_6_clk,gfx_6_min_clk,gfx_6_max_clk,gfx_6_clk_locked,gfx_6_deep_sleep,gfx_7_clk,gfx_7_min_clk,gfx_7_max_clk,gfx_7_clk_locked,gfx_7_deep_sleep,mem_0_clk,mem_0_min_clk,mem_0_max_clk,mem_0_clk_locked,mem_0_deep_sleep,vclk_0_clk,vclk_0_min_clk,vclk_0_max_clk,vclk_0_clk_locked,vclk_0_deep_sleep,vclk_1_clk,vclk_1_min_clk,vclk_1_max_clk,vclk_1_clk_locked,vclk_1_deep_sleep,vclk_2_clk,vclk_2_min_clk,vclk_2_max_clk,vclk_2_clk_locked,vclk_2_deep_sleep,vclk_3_clk,vclk_3_min_clk,vclk_3_max_clk,vclk_3_clk_locked,vclk_3_deep_sleep,dclk_0_clk,dclk_0_min_clk,dclk_0_max_clk,dclk_0_clk_locked,dclk_0_deep_sleep,dclk_1_clk,dclk_1_min_clk,dclk_1_max_clk,dclk_1_clk_locked,dclk_1_deep_sleep,dclk_2_clk,dclk_2_min_clk,dclk_2_max_clk,dclk_2_clk_locked,dclk_2_deep_sleep,dclk_3_clk,dclk_3_min_clk,dclk_3_max_clk,dclk_3_clk_locked,dclk_3_deep_sleep,edge,hotspot,mem,gpu,socket_power,gfx_voltage,soc_voltage,mem_voltage,throttle_status,power_management,gfx_0_clk,gfx_0_min_clk,gfx_0_max_clk,gfx_0_clk_locked,gfx_0_deep_sleep,gfx_1_clk,gfx_1_min_clk,gfx_1_max_clk,gfx_1_clk_locked,gfx_1_deep_sleep,gfx_2_clk,gfx_2_min_clk,gfx_2_max_clk,gfx_2_clk_locked,gfx_2_deep_sleep,gfx_3_clk,gfx_3_min_clk,gfx_3_max_clk,gfx_3_clk_locked,gfx_3_deep_sleep,gfx_4_clk,gfx_4_min_clk,gfx_4_max_clk,gfx_4_clk_locked,gfx_4_deep_sleep,gfx_5_clk,gfx_5_min_clk,gfx_5_max_clk,gfx_5_clk_locked,gfx_5_deep_sleep,gfx_6_clk,gfx_6_min_clk,gfx_6_max_clk,gfx_6_clk_locked,gfx_6_deep_sleep,gfx_7_clk,gfx_7_min_clk,gfx_7_max_clk,gfx_7_clk_locked,gfx_7_deep_sleep,mem_0_clk,mem_0_min_clk,mem_0_max_clk,mem_0_clk_locked,mem_0_deep_sleep,vclk_0_clk,vclk_0_min_clk,vclk_0_max_clk,vclk_0_clk_locked,vclk_0_deep_sleep,vclk_1_clk,vclk_1_min_clk,vclk_1_max_clk,vclk_1_clk_locked,vclk_1_deep_sleep,vclk_2_clk,vclk_2_min_clk,vclk_2_max_clk,vclk_2_clk_locked,vclk_2_deep_sleep,vclk_3_clk,vclk_3_min_clk,vclk_3_max_clk,vclk_3_clk_locked,vclk_3_deep_sleep,dclk_0_clk,dclk_0_min_clk,dclk_0_max_clk,dclk_0_clk_locked,dclk_0_deep_sleep,dclk_1_clk,dclk_1_min_clk,dclk_1_max_clk,dclk_1_clk_locked,dclk_1_deep_sleep,dclk_2_clk,dclk_2_min_clk,dclk_2_max_clk,dclk_2_clk_locked,dclk_2_deep_sleep,dclk_3_clk,dclk_3_min_clk,dclk_3_max_clk,dclk_3_clk_locked,dclk_3_deep_sleep,edge,hotspot,mem,gpu,socket_power,gfx_voltage,soc_voltage,mem_voltage,throttle_status,power_management,gfx_0_clk,gfx_0_min_clk,gfx_0_max_clk,gfx_0_clk_locked,gfx_0_deep_sleep,gfx_1_clk,gfx_1_min_clk,gfx_1_max_clk,gfx_1_clk_locked,gfx_1_deep_sleep,gfx_2_clk,gfx_2_min_clk,gfx_2_max_clk,gfx_2_clk_locked,gfx_2_deep_sleep,gfx_3_clk,gfx_3_min_clk,gfx_3_max_clk,gfx_3_clk_locked,gfx_3_deep_sleep,gfx_4_clk,gfx_4_min_clk,gfx_4_max_clk,gfx_4_clk_locked,gfx_4_deep_sleep,gfx_5_clk,gfx_5_min_clk,gfx_5_max_clk,gfx_5_clk_locked,gfx_5_deep_sleep,gfx_6_clk,gfx_6_min_clk,gfx_6_max_clk,gfx_6_clk_locked,gfx_6_deep_sleep,gfx_7_clk,gfx_7_min_clk,gfx_7_max_clk,gfx_7_clk_locked,gfx_7_deep_sleep,mem_0_clk,mem_0_min_clk,mem_0_max_clk,mem_0_clk_locked,mem_0_deep_sleep,vclk_0_clk,vclk_0_min_clk,vclk_0_max_clk,vclk_0_clk_locked,vclk_0_deep_sleep,vclk_1_clk,vclk_1_min_clk,vclk_1_max_clk,vclk_1_clk_locked,vclk_1_deep_sleep,vclk_2_clk,vclk_2_min_clk,vclk_2_max_clk,vclk_2_clk_locked,vclk_2_deep_sleep,vclk_3_clk,vclk_3_min_clk,vclk_3_max_clk,vclk_3_clk_locked,vclk_3_deep_sleep,dclk_0_clk,dclk_0_min_clk,dclk_0_max_clk,dclk_0_clk_locked,dclk_0_deep_sleep,dclk_1_clk,dclk_1_min_clk,dclk_1_max_clk,dclk_1_clk_locked,dclk_1_deep_sleep,dclk_2_clk,dclk_2_min_clk,dclk_2_max_clk,dclk_2_clk_locked,dclk_2_deep_sleep,dclk_3_clk,dclk_3_min_clk,dclk_3_max_clk,dclk_3_clk_locked,dclk_3_deep_sleep,edge,hotspot,mem,gpu,socket_power,gfx_voltage,soc_voltage,mem_voltage,throttle_status,power_management,gfx_0_clk,gfx_0_min_clk,gfx_0_max_clk,gfx_0_clk_locked,gfx_0_deep_sleep,gfx_1_clk,gfx_1_min_clk,gfx_1_max_clk,gfx_1_clk_locked,gfx_1_deep_sleep,gfx_2_clk,gfx_2_min_clk,gfx_2_max_clk,gfx_2_clk_locked,gfx_2_deep_sleep,gfx_3_clk,gfx_3_min_clk,gfx_3_max_clk,gfx_3_clk_locked,gfx_3_deep_sleep,gfx_4_clk,gfx_4_min_clk,gfx_4_max_clk,gfx_4_clk_locked,gfx_4_deep_sleep,gfx_5_clk,gfx_5_min_clk,gfx_5_max_clk,gfx_5_clk_locked,gfx_5_deep_sleep,gfx_6_clk,gfx_6_min_clk,gfx_6_max_clk,gfx_6_clk_locked,gfx_6_deep_sleep,gfx_7_clk,gfx_7_min_clk,gfx_7_max_clk,gfx_7_clk_locked,gfx_7_deep_sleep,mem_0_clk,mem_0_min_clk,mem_0_max_clk,mem_0_clk_locked,mem_0_deep_sleep,vclk_0_clk,vclk_0_min_clk,vclk_0_max_clk,vclk_0_clk_locked,vclk_0_deep_sleep,vclk_1_clk,vclk_1_min_clk,vclk_1_max_clk,vclk_1_clk_locked,vclk_1_deep_sleep,vclk_2_clk,vclk_2_min_clk,vclk_2_max_clk,vclk_2_clk_locked,vclk_2_deep_sleep,vclk_3_clk,vclk_3_min_clk,vclk_3_max_clk,vclk_3_clk_locked,vclk_3_deep_sleep,dclk_0_clk,dclk_0_min_clk,dclk_0_max_clk,dclk_0_clk_locked,dclk_0_deep_sleep,dclk_1_clk,dclk_1_min_clk,dclk_1_max_clk,dclk_1_clk_locked,dclk_1_deep_sleep,dclk_2_clk,dclk_2_min_clk,dclk_2_max_clk,dclk_2_clk_locked,dclk_2_deep_sleep,dclk_3_clk,dclk_3_min_clk,dclk_3_max_clk,dclk_3_clk_locked,dclk_3_deep_sleep,edge,hotspot,mem,gpu,socket_power,gfx_voltage,soc_voltage,mem_voltage,throttle_status,power_management,gfx_0_clk,gfx_0_min_clk,gfx_0_max_clk,gfx_0_clk_locked,gfx_0_deep_sleep,gfx_1_clk,gfx_1_min_clk,gfx_1_max_clk,gfx_1_clk_locked,gfx_1_deep_sleep,gfx_2_clk,gfx_2_min_clk,gfx_2_max_clk,gfx_2_clk_locked,gfx_2_deep_sleep,gfx_3_clk,gfx_3_min_clk,gfx_3_max_clk,gfx_3_clk_locked,gfx_3_deep_sleep,gfx_4_clk,gfx_4_min_clk,gfx_4_max_clk,gfx_4_clk_locked,gfx_4_deep_sleep,gfx_5_clk,gfx_5_min_clk,gfx_5_max_clk,gfx_5_clk_locked,gfx_5_deep_sleep,gfx_6_clk,gfx_6_min_clk,gfx_6_max_clk,gfx_6_clk_locked,gfx_6_deep_sleep,gfx_7_clk,gfx_7_min_clk,gfx_7_max_clk,gfx_7_clk_locked,gfx_7_deep_sleep,mem_0_clk,mem_0_min_clk,mem_0_max_clk,mem_0_clk_locked,mem_0_deep_sleep,vclk_0_clk,vclk_0_min_clk,vclk_0_max_clk,vclk_0_clk_locked,vclk_0_deep_sleep,vclk_1_clk,vclk_1_min_clk,vclk_1_max_clk,vclk_1_clk_locked,vclk_1_deep_sleep,vclk_2_clk,vclk_2_min_clk,vclk_2_max_clk,vclk_2_clk_locked,vclk_2_deep_sleep,vclk_3_clk,vclk_3_min_clk,vclk_3_max_clk,vclk_3_clk_locked,vclk_3_deep_sleep,dclk_0_clk,dclk_0_min_clk,dclk_0_max_clk,dclk_0_clk_locked,dclk_0_deep_sleep,dclk_1_clk,dclk_1_min_clk,dclk_1_max_clk,dclk_1_clk_locked,dclk_1_deep_sleep,dclk_2_clk,dclk_2_min_clk,dclk_2_max_clk,dclk_2_clk_locked,dclk_2_deep_sleep,dclk_3_clk,dclk_3_min_clk,dclk_3_max_clk,dclk_3_clk_locked,dclk_3_deep_sleep,edge,hotspot,mem,gpu,socket_power,gfx_voltage,soc_voltage,mem_voltage,throttle_status,power_management,gfx_0_clk,gfx_0_min_clk,gfx_0_max_clk,gfx_0_clk_locked,gfx_0_deep_sleep,gfx_1_clk,gfx_1_min_clk,gfx_1_max_clk,gfx_1_clk_locked,gfx_1_deep_sleep,gfx_2_clk,gfx_2_min_clk,gfx_2_max_clk,gfx_2_clk_locked,gfx_2_deep_sleep,gfx_3_clk,gfx_3_min_clk,gfx_3_max_clk,gfx_3_clk_locked,gfx_3_deep_sleep,gfx_4_clk,gfx_4_min_clk,gfx_4_max_clk,gfx_4_clk_locked,gfx_4_deep_sleep,gfx_5_clk,gfx_5_min_clk,gfx_5_max_clk,gfx_5_clk_locked,gfx_5_deep_sleep,gfx_6_clk,gfx_6_min_clk,gfx_6_max_clk,gfx_6_clk_locked,gfx_6_deep_sleep,gfx_7_clk,gfx_7_min_clk,gfx_7_max_clk,gfx_7_clk_locked,gfx_7_deep_sleep,mem_0_clk,mem_0_min_clk,mem_0_max_clk,mem_0_clk_locked,mem_0_deep_sleep,vclk_0_clk,vclk_0_min_clk,vclk_0_max_clk,vclk_0_clk_locked,vclk_0_deep_sleep,vclk_1_clk,vclk_1_min_clk,vclk_1_max_clk,vclk_1_clk_locked,vclk_1_deep_sleep,vclk_2_clk,vclk_2_min_clk,vclk_2_max_clk,vclk_2_clk_locked,vclk_2_deep_sleep,vclk_3_clk,vclk_3_min_clk,vclk_3_max_clk,vclk_3_clk_locked,vclk_3_deep_sleep,dclk_0_clk,dclk_0_min_clk,dclk_0_max_clk,dclk_0_clk_locked,dclk_0_deep_sleep,dclk_1_clk,dclk_1_min_clk,dclk_1_max_clk,dclk_1_clk_locked,dclk_1_deep_sleep,dclk_2_clk,dclk_2_min_clk,dclk_2_max_clk,dclk_2_clk_locked,dclk_2_deep_sleep,dclk_3_clk,dclk_3_min_clk,dclk_3_max_clk,dclk_3_clk_locked,dclk_3_deep_sleep,edge,hotspot,mem,gpu,socket_power,gfx_voltage,soc_voltage,mem_voltage,throttle_status,power_management,gfx_0_clk,gfx_0_min_clk,gfx_0_max_clk,gfx_0_clk_locked,gfx_0_deep_sleep,gfx_1_clk,gfx_1_min_clk,gfx_1_max_clk,gfx_1_clk_locked,gfx_1_deep_sleep,gfx_2_clk,gfx_2_min_clk,gfx_2_max_clk,gfx_2_clk_locked,gfx_2_deep_sleep,gfx_3_clk,gfx_3_min_clk,gfx_3_max_clk,gfx_3_clk_locked,gfx_3_deep_sleep,gfx_4_clk,gfx_4_min_clk,gfx_4_max_clk,gfx_4_clk_locked,gfx_4_deep_sleep,gfx_5_clk,gfx_5_min_clk,gfx_5_max_clk,gfx_5_clk_locked,gfx_5_deep_sleep,gfx_6_clk,gfx_6_min_clk,gfx_6_max_clk,gfx_6_clk_locked,gfx_6_deep_sleep,gfx_7_clk,gfx_7_min_clk,gfx_7_max_clk,gfx_7_clk_locked,gfx_7_deep_sleep,mem_0_clk,mem_0_min_clk,mem_0_max_clk,mem_0_clk_locked,mem_0_deep_sleep,vclk_0_clk,vclk_0_min_clk,vclk_0_max_clk,vclk_0_clk_locked,vclk_0_deep_sleep,vclk_1_clk,vclk_1_min_clk,vclk_1_max_clk,vclk_1_clk_locked,vclk_1_deep_sleep,vclk_2_clk,vclk_2_min_clk,vclk_2_max_clk,vclk_2_clk_locked,vclk_2_deep_sleep,vclk_3_clk,vclk_3_min_clk,vclk_3_max_clk,vclk_3_clk_locked,vclk_3_deep_sleep,dclk_0_clk,dclk_0_min_clk,dclk_0_max_clk,dclk_0_clk_locked,dclk_0_deep_sleep,dclk_1_clk,dclk_1_min_clk,dclk_1_max_clk,dclk_1_clk_locked,dclk_1_deep_sleep,dclk_2_clk,dclk_2_min_clk,dclk_2_max_clk,dclk_2_clk_locked,dclk_2_deep_sleep,dclk_3_clk,dclk_3_min_clk,dclk_3_max_clk,dclk_3_clk_locked,dclk_3_deep_sleep,edge,hotspot,mem,gpu,socket_power,gfx_voltage,soc_voltage,mem_voltage,throttle_status,power_management,gfx_0_clk,gfx_0_min_clk,gfx_0_max_clk,gfx_0_clk_locked,gfx_0_deep_sleep,gfx_1_clk,gfx_1_min_clk,gfx_1_max_clk,gfx_1_clk_locked,gfx_1_deep_sleep,gfx_2_clk,gfx_2_min_clk,gfx_2_max_clk,gfx_2_clk_locked,gfx_2_deep_sleep,gfx_3_clk,gfx_3_min_clk,gfx_3_max_clk,gfx_3_clk_locked,gfx_3_deep_sleep,gfx_4_clk,gfx_4_min_clk,gfx_4_max_clk,gfx_4_clk_locked,gfx_4_deep_sleep,gfx_5_clk,gfx_5_min_clk,gfx_5_max_clk,gfx_5_clk_locked,gfx_5_deep_sleep,gfx_6_clk,gfx_6_min_clk,gfx_6_max_clk,gfx_6_clk_locked,gfx_6_deep_sleep,gfx_7_clk,gfx_7_min_clk,gfx_7_max_clk,gfx_7_clk_locked,gfx_7_deep_sleep,mem_0_clk,mem_0_min_clk,mem_0_max_clk,mem_0_clk_locked,mem_0_deep_sleep,vclk_0_clk,vclk_0_min_clk,vclk_0_max_clk,vclk_0_clk_locked,vclk_0_deep_sleep,vclk_1_clk,vclk_1_min_clk,vclk_1_max_clk,vclk_1_clk_locked,vclk_1_deep_sleep,vclk_2_clk,vclk_2_min_clk,vclk_2_max_clk,vclk_2_clk_locked,vclk_2_deep_sleep,vclk_3_clk,vclk_3_min_clk,vclk_3_max_clk,vclk_3_clk_locked,vclk_3_deep_sleep,dclk_0_clk,dclk_0_min_clk,dclk_0_max_clk,dclk_0_clk_locked,dclk_0_deep_sleep,dclk_1_clk,dclk_1_min_clk,dclk_1_max_clk,dclk_1_clk_locked,dclk_1_deep_sleep,dclk_2_clk,dclk_2_min_clk,dclk_2_max_clk,dclk_2_clk_locked,dclk_2_deep_sleep,dclk_3_clk,dclk_3_min_clk,dclk_3_max_clk,dclk_3_clk_locked,dclk_3_deep_sleep,edge,hotspot,mem,
1743961021,0,155,N/A,N/A,N/A,N/A,ENABLED,2101,500,2100,DISABLED,DISABLED,2095,500,2100,DISABLED,DISABLED,2095,500,2100,DISABLED,DISABLED,2107,500,2100,DISABLED,DISABLED,2107,500,2100,DISABLED,DISABLED,2102,500,2100,DISABLED,DISABLED,2107,500,2100,DISABLED,DISABLED,2116,500,2100,DISABLED,DISABLED,900,900,1500,N/A,DISABLED,29,914,1680,N/A,ENABLED,29,914,1680,N/A,ENABLED,29,914,1680,N/A,ENABLED,29,914,1680,N/A,ENABLED,22,711,1400,N/A,ENABLED,22,711,1400,N/A,ENABLED,22,711,1400,N/A,ENABLED,22,711,1400,N/A,ENABLED,N/A,49,47,1,149,N/A,N/A,N/A,N/A,ENABLED,2106,500,2106,DISABLED,DISABLED,2110,500,2106,DISABLED,DISABLED,2110,500,2106,DISABLED,DISABLED,2105,500,2106,DISABLED,DISABLED,2104,500,2106,DISABLED,DISABLED,2107,500,2106,DISABLED,DISABLED,2101,500,2106,DISABLED,DISABLED,2112,500,2106,DISABLED,DISABLED,900,900,1500,N/A,DISABLED,29,914,1680,N/A,ENABLED,29,914,1680,N/A,ENABLED,29,914,1680,N/A,ENABLED,29,914,1680,N/A,ENABLED,22,711,1400,N/A,ENABLED,22,711,1400,N/A,ENABLED,22,711,1400,N/A,ENABLED,22,711,1400,N/A,ENABLED,N/A,40,39,2,152,N/A,N/A,N/A,N/A,ENABLED,2109,500,2109,DISABLED,DISABLED,2106,500,2109,DISABLED,DISABLED,2103,500,2109,DISABLED,DISABLED,2103,500,2109,DISABLED,DISABLED,2103,500,2109,DISABLED,DISABLED,2101,500,2109,DISABLED,DISABLED,2111,500,2109,DISABLED,DISABLED,2115,500,2109,DISABLED,DISABLED,900,900,1500,N/A,DISABLED,29,914,1680,N/A,ENABLED,29,914,1680,N/A,ENABLED,29,914,1680,N/A,ENABLED,29,914,1680,N/A,ENABLED,22,711,1400,N/A,ENABLED,22,711,1400,N/A,ENABLED,22,711,1400,N/A,ENABLED,22,711,1400,N/A,ENABLED,N/A,41,41,3,165,N/A,N/A,N/A,N/A,ENABLED,2108,500,2108,DISABLED,DISABLED,2110,500,2108,DISABLED,DISABLED,2100,500,2108,DISABLED,DISABLED,2110,500,2108,DISABLED,DISABLED,2099,500,2108,DISABLED,DISABLED,2105,500,2108,DISABLED,DISABLED,2107,500,2108,DISABLED,DISABLED,2108,500,2108,DISABLED,DISABLED,900,900,1500,N/A,DISABLED,29,914,1680,N/A,ENABLED,29,914,1680,N/A,ENABLED,29,914,1680,N/A,ENABLED,29,914,1680,N/A,ENABLED,22,711,1400,N/A,ENABLED,22,711,1400,N/A,ENABLED,22,711,1400,N/A,ENABLED,22,711,1400,N/A,ENABLED,N/A,52,49,4,167,N/A,N/A,N/A,N/A,ENABLED,2103,500,2103,DISABLED,DISABLED,2105,500,2103,DISABLED,DISABLED,2099,500,2103,DISABLED,DISABLED,2099,500,2103,DISABLED,DISABLED,2106,500,2103,DISABLED,DISABLED,2107,500,2103,DISABLED,DISABLED,2106,500,2103,DISABLED,DISABLED,2106,500,2103,DISABLED,DISABLED,900,900,1500,N/A,DISABLED,29,914,1680,N/A,ENABLED,29,914,1680,N/A,ENABLED,29,914,1680,N/A,ENABLED,29,914,1680,N/A,ENABLED,22,711,1400,N/A,ENABLED,22,711,1400,N/A,ENABLED,22,711,1400,N/A,ENABLED,22,711,1400,N/A,ENABLED,N/A,51,48,5,152,N/A,N/A,N/A,N/A,ENABLED,2104,500,2104,DISABLED,DISABLED,2109,500,2104,DISABLED,DISABLED,2099,500,2104,DISABLED,DISABLED,2104,500,2104,DISABLED,DISABLED,2112,500,2104,DISABLED,DISABLED,2108,500,2104,DISABLED,DISABLED,2110,500,2104,DISABLED,DISABLED,2110,500,2104,DISABLED,DISABLED,900,900,1500,N/A,DISABLED,29,914,1680,N/A,ENABLED,29,914,1680,N/A,ENABLED,29,914,1680,N/A,ENABLED,29,914,1680,N/A,ENABLED,22,711,1400,N/A,ENABLED,22,711,1400,N/A,ENABLED,22,711,1400,N/A,ENABLED,22,711,1400,N/A,ENABLED,N/A,41,38,6,162,N/A,N/A,N/A,N/A,ENABLED,2099,500,2100,DISABLED,DISABLED,2096,500,2100,DISABLED,DISABLED,2106,500,2100,DISABLED,DISABLED,2106,500,2100,DISABLED,DISABLED,2101,500,2100,DISABLED,DISABLED,2102,500,2100,DISABLED,DISABLED,2102,500,2100,DISABLED,DISABLED,2107,500,2100,DISABLED,DISABLED,900,900,1500,N/A,DISABLED,29,914,1680,N/A,ENABLED,29,914,1680,N/A,ENABLED,29,914,1680,N/A,ENABLED,29,914,1680,N/A,ENABLED,22,711,1400,N/A,ENABLED,22,711,1400,N/A,ENABLED,22,711,1400,N/A,ENABLED,22,711,1400,N/A,ENABLED,N/A,50,50,7,153,N/A,N/A,N/A,N/A,ENABLED,2106,500,2106,DISABLED,DISABLED,2106,500,2106,DISABLED,DISABLED,2099,500,2106,DISABLED,DISABLED,2106,500,2106,DISABLED,DISABLED,2103,500,2106,DISABLED,DISABLED,2103,500,2106,DISABLED,DISABLED,2109,500,2106,DISABLED,DISABLED,2110,500,2106,DISABLED,DISABLED,900,900,1500,N/A,DISABLED,29,914,1680,N/A,ENABLED,29,914,1680,N/A,ENABLED,29,914,1680,N/A,ENABLED,29,914,1680,N/A,ENABLED,22,711,1400,N/A,ENABLED,22,711,1400,N/A,ENABLED,22,711,1400,N/A,ENABLED,22,711,1400,N/A,ENABLED,N/A,44,41
1743961022,0,154,N/A,N/A,N/A,N/A,ENABLED,2101,500,2100,DISABLED,DISABLED,2095,500,2100,DISABLED,DISABLED,2095,500,2100,DISABLED,DISABLED,2108,500,2100,DISABLED,DISABLED,2107,500,2100,DISABLED,DISABLED,2102,500,2100,DISABLED,DISABLED,2107,500,2100,DISABLED,DISABLED,2116,500,2100,DISABLED,DISABLED,900,900,1500,N/A,DISABLED,29,914,1680,N/A,ENABLED,29,914,1680,N/A,ENABLED,29,914,1680,N/A,ENABLED,29,914,1680,N/A,ENABLED,22,711,1400,N/A,ENABLED,22,711,1400,N/A,ENABLED,22,711,1400,N/A,ENABLED,22,711,1400,N/A,ENABLED,N/A,49,47,1,148,N/A,N/A,N/A,N/A,ENABLED,2105,500,2105,DISABLED,DISABLED,2110,500,2105,DISABLED,DISABLED,2110,500,2105,DISABLED,DISABLED,2106,500,2105,DISABLED,DISABLED,2104,500,2105,DISABLED,DISABLED,2107,500,2105,DISABLED,DISABLED,2101,500,2105,DISABLED,DISABLED,2112,500,2105,DISABLED,DISABLED,900,900,1500,N/A,DISABLED,29,914,1680,N/A,ENABLED,29,914,1680,N/A,ENABLED,29,914,1680,N/A,ENABLED,29,914,1680,N/A,ENABLED,22,711,1400,N/A,ENABLED,22,711,1400,N/A,ENABLED,22,711,1400,N/A,ENABLED,22,711,1400,N/A,ENABLED,N/A,40,39,2,152,N/A,N/A,N/A,N/A,ENABLED,2109,500,2109,DISABLED,DISABLED,2106,500,2109,DISABLED,DISABLED,2103,500,2109,DISABLED,DISABLED,2104,500,2109,DISABLED,DISABLED,2104,500,2109,DISABLED,DISABLED,2100,500,2109,DISABLED,DISABLED,2111,500,2109,DISABLED,DISABLED,2115,500,2109,DISABLED,DISABLED,900,900,1500,N/A,DISABLED,29,914,1680,N/A,ENABLED,29,914,1680,N/A,ENABLED,29,914,1680,N/A,ENABLED,29,914,1680,N/A,ENABLED,22,711,1400,N/A,ENABLED,22,711,1400,N/A,ENABLED,22,711,1400,N/A,ENABLED,22,711,1400,N/A,ENABLED,N/A,41,41,3,165,N/A,N/A,N/A,N/A,ENABLED,2108,500,2108,DISABLED,DISABLED,2111,500,2108,DISABLED,DISABLED,2100,500,2108,DISABLED,DISABLED,2110,500,2108,DISABLED,DISABLED,2099,500,2108,DISABLED,DISABLED,2104,500,2108,DISABLED,DISABLED,2108,500,2108,DISABLED,DISABLED,2108,500,2108,DISABLED,DISABLED,900,900,1500,N/A,DISABLED,29,914,1680,N/A,ENABLED,29,914,1680,N/A,ENABLED,29,914,1680,N/A,ENABLED,29,914,1680,N/A,ENABLED,22,711,1400,N/A,ENABLED,22,711,1400,N/A,ENABLED,22,711,1400,N/A,ENABLED,22,711,1400,N/A,ENABLED,N/A,52,49,4,167,N/A,N/A,N/A,N/A,ENABLED,2103,500,2103,DISABLED,DISABLED,2106,500,2103,DISABLED,DISABLED,2100,500,2103,DISABLED,DISABLED,2099,500,2103,DISABLED,DISABLED,2106,500,2103,DISABLED,DISABLED,2107,500,2103,DISABLED,DISABLED,2107,500,2103,DISABLED,DISABLED,2106,500,2103,DISABLED,DISABLED,900,900,1500,N/A,DISABLED,29,914,1680,N/A,ENABLED,29,914,1680,N/A,ENABLED,29,914,1680,N/A,ENABLED,29,914,1680,N/A,ENABLED,22,711,1400,N/A,ENABLED,22,711,1400,N/A,ENABLED,22,711,1400,N/A,ENABLED,22,711,1400,N/A,ENABLED,N/A,51,49,5,152,N/A,N/A,N/A,N/A,ENABLED,2103,500,2103,DISABLED,DISABLED,2109,500,2103,DISABLED,DISABLED,2100,500,2103,DISABLED,DISABLED,2104,500,2103,DISABLED,DISABLED,2112,500,2103,DISABLED,DISABLED,2108,500,2103,DISABLED,DISABLED,2110,500,2103,DISABLED,DISABLED,2110,500,2103,DISABLED,DISABLED,900,900,1500,N/A,DISABLED,29,914,1680,N/A,ENABLED,29,914,1680,N/A,ENABLED,29,914,1680,N/A,ENABLED,29,914,1680,N/A,ENABLED,22,711,1400,N/A,ENABLED,22,711,1400,N/A,ENABLED,22,711,1400,N/A,ENABLED,22,711,1400,N/A,ENABLED,N/A,41,39,6,162,N/A,N/A,N/A,N/A,ENABLED,2100,500,2100,DISABLED,DISABLED,2097,500,2100,DISABLED,DISABLED,2106,500,2100,DISABLED,DISABLED,2105,500,2100,DISABLED,DISABLED,2101,500,2100,DISABLED,DISABLED,2102,500,2100,DISABLED,DISABLED,2102,500,2100,DISABLED,DISABLED,2107,500,2100,DISABLED,DISABLED,900,900,1500,N/A,DISABLED,29,914,1680,N/A,ENABLED,29,914,1680,N/A,ENABLED,29,914,1680,N/A,ENABLED,29,914,1680,N/A,ENABLED,22,711,1400,N/A,ENABLED,22,711,1400,N/A,ENABLED,22,711,1400,N/A,ENABLED,22,711,1400,N/A,ENABLED,N/A,50,50,7,152,N/A,N/A,N/A,N/A,ENABLED,2105,500,2105,DISABLED,DISABLED,2106,500,2105,DISABLED,DISABLED,2099,500,2105,DISABLED,DISABLED,2106,500,2105,DISABLED,DISABLED,2104,500,2105,DISABLED,DISABLED,2104,500,2105,DISABLED,DISABLED,2109,500,2105,DISABLED,DISABLED,2109,500,2105,DISABLED,DISABLED,900,900,1500,N/A,DISABLED,29,914,1680,N/A,ENABLED,29,914,1680,N/A,ENABLED,29,914,1680,N/A,ENABLED,29,914,1680,N/A,ENABLED,22,711,1400,N/A,ENABLED,22,711,1400,N/A,ENABLED,22,711,1400,N/A,ENABLED,22,711,1400,N/A,ENABLED,N/A,44,41
1743961023,0,156,N/A,N/A,N/A,N/A,ENABLED,2101,500,2100,DISABLED,DISABLED,2095,500,2100,DISABLED,DISABLED,2095,500,2100,DISABLED,DISABLED,2107,500,2100,DISABLED,DISABLED,2107,500,2100,DISABLED,DISABLED,2102,500,2100,DISABLED,DISABLED,2107,500,2100,DISABLED,DISABLED,2116,500,2100,DISABLED,DISABLED,900,900,1500,N/A,DISABLED,29,914,1680,N/A,ENABLED,29,914,1680,N/A,ENABLED,29,914,1680,N/A,ENABLED,29,914,1680,N/A,ENABLED,22,711,1400,N/A,ENABLED,22,711,1400,N/A,ENABLED,22,711,1400,N/A,ENABLED,22,711,1400,N/A,ENABLED,N/A,49,47,1,148,N/A,N/A,N/A,N/A,ENABLED,2105,500,2105,DISABLED,DISABLED,2110,500,2105,DISABLED,DISABLED,2109,500,2105,DISABLED,DISABLED,2105,500,2105,DISABLED,DISABLED,2103,500,2105,DISABLED,DISABLED,2107,500,2105,DISABLED,DISABLED,2101,500,2105,DISABLED,DISABLED,2111,500,2105,DISABLED,DISABLED,900,900,1500,N/A,DISABLED,29,914,1680,N/A,ENABLED,29,914,1680,N/A,ENABLED,29,914,1680,N/A,ENABLED,29,914,1680,N/A,ENABLED,22,711,1400,N/A,ENABLED,22,711,1400,N/A,ENABLED,22,711,1400,N/A,ENABLED,22,711,1400,N/A,ENABLED,N/A,40,40,2,152,N/A,N/A,N/A,N/A,ENABLED,2109,500,2109,DISABLED,DISABLED,2106,500,2109,DISABLED,DISABLED,2103,500,2109,DISABLED,DISABLED,2104,500,2109,DISABLED,DISABLED,2103,500,2109,DISABLED,DISABLED,2100,500,2109,DISABLED,DISABLED,2110,500,2109,DISABLED,DISABLED,2115,500,2109,DISABLED,DISABLED,900,900,1500,N/A,DISABLED,29,914,1680,N/A,ENABLED,29,914,1680,N/A,ENABLED,29,914,1680,N/A,ENABLED,29,914,1680,N/A,ENABLED,22,711,1400,N/A,ENABLED,22,711,1400,N/A,ENABLED,22,711,1400,N/A,ENABLED,22,711,1400,N/A,ENABLED,N/A,41,41,3,165,N/A,N/A,N/A,N/A,ENABLED,2108,500,2108,DISABLED,DISABLED,2111,500,2108,DISABLED,DISABLED,2101,500,2108,DISABLED,DISABLED,2110,500,2108,DISABLED,DISABLED,2099,500,2108,DISABLED,DISABLED,2104,500,2108,DISABLED,DISABLED,2107,500,2108,DISABLED,DISABLED,2108,500,2108,DISABLED,DISABLED,900,900,1500,N/A,DISABLED,29,914,1680,N/A,ENABLED,29,914,1680,N/A,ENABLED,29,914,1680,N/A,ENABLED,29,914,1680,N/A,ENABLED,22,711,1400,N/A,ENABLED,22,711,1400,N/A,ENABLED,22,711,1400,N/A,ENABLED,22,711,1400,N/A,ENABLED,N/A,51,50,4,167,N/A,N/A,N/A,N/A,ENABLED,2103,500,2103,DISABLED,DISABLED,2105,500,2103,DISABLED,DISABLED,2100,500,2103,DISABLED,DISABLED,2099,500,2103,DISABLED,DISABLED,2106,500,2103,DISABLED,DISABLED,2107,500,2103,DISABLED,DISABLED,2106,500,2103,DISABLED,DISABLED,2105,500,2103,DISABLED,DISABLED,900,900,1500,N/A,DISABLED,29,914,1680,N/A,ENABLED,29,914,1680,N/A,ENABLED,29,914,1680,N/A,ENABLED,29,914,1680,N/A,ENABLED,22,711,1400,N/A,ENABLED,22,711,1400,N/A,ENABLED,22,711,1400,N/A,ENABLED,22,711,1400,N/A,ENABLED,N/A,51,48,5,152,N/A,N/A,N/A,N/A,ENABLED,2104,500,2104,DISABLED,DISABLED,2109,500,2104,DISABLED,DISABLED,2099,500,2104,DISABLED,DISABLED,2104,500,2104,DISABLED,DISABLED,2112,500,2104,DISABLED,DISABLED,2108,500,2104,DISABLED,DISABLED,2110,500,2104,DISABLED,DISABLED,2111,500,2104,DISABLED,DISABLED,900,900,1500,N/A,DISABLED,29,914,1680,N/A,ENABLED,29,914,1680,N/A,ENABLED,29,914,1680,N/A,ENABLED,29,914,1680,N/A,ENABLED,22,711,1400,N/A,ENABLED,22,711,1400,N/A,ENABLED,22,711,1400,N/A,ENABLED,22,711,1400,N/A,ENABLED,N/A,41,39,6,162,N/A,N/A,N/A,N/A,ENABLED,2100,500,2100,DISABLED,DISABLED,2097,500,2100,DISABLED,DISABLED,2107,500,2100,DISABLED,DISABLED,2106,500,2100,DISABLED,DISABLED,2101,500,2100,DISABLED,DISABLED,2101,500,2100,DISABLED,DISABLED,2102,500,2100,DISABLED,DISABLED,2107,500,2100,DISABLED,DISABLED,900,900,1500,N/A,DISABLED,29,914,1680,N/A,ENABLED,29,914,1680,N/A,ENABLED,29,914,1680,N/A,ENABLED,29,914,1680,N/A,ENABLED,22,711,1400,N/A,ENABLED,22,711,1400,N/A,ENABLED,22,711,1400,N/A,ENABLED,22,711,1400,N/A,ENABLED,N/A,50,50,7,152,N/A,N/A,N/A,N/A,ENABLED,2105,500,2105,DISABLED,DISABLED,2106,500,2105,DISABLED,DISABLED,2099,500,2105,DISABLED,DISABLED,2106,500,2105,DISABLED,DISABLED,2103,500,2105,DISABLED,DISABLED,2103,500,2105,DISABLED,DISABLED,2109,500,2105,DISABLED,DISABLED,2110,500,2105,DISABLED,DISABLED,900,900,1500,N/A,DISABLED,29,914,1680,N/A,ENABLED,29,914,1680,N/A,ENABLED,29,914,1680,N/A,ENABLED,29,914,1680,N/A,ENABLED,22,711,1400,N/A,ENABLED,22,711,1400,N/A,ENABLED,22,711,1400,N/A,ENABLED,22,711,1400,N/A,ENABLED,N/A,44,41
1743961025,0,154,N/A,N/A,N/A,N/A,ENABLED,2101,500,2100,DISABLED,DISABLED,2095,500,2100,DISABLED,DISABLED,2095,500,2100,DISABLED,DISABLED,2108,500,2100,DISABLED,DISABLED,2107,500,2100,DISABLED,DISABLED,2101,500,2100,DISABLED,DISABLED,2107,500,2100,DISABLED,DISABLED,2117,500,2100,DISABLED,DISABLED,900,900,1500,N/A,DISABLED,29,914,1680,N/A,ENABLED,29,914,1680,N/A,ENABLED,29,914,1680,N/A,ENABLED,29,914,1680,N/A,ENABLED,22,711,1400,N/A,ENABLED,22,711,1400,N/A,ENABLED,22,711,1400,N/A,ENABLED,22,711,1400,N/A,ENABLED,N/A,49,47,1,148,N/A,N/A,N/A,N/A,ENABLED,2105,500,2105,DISABLED,DISABLED,2110,500,2105,DISABLED,DISABLED,2109,500,2105,DISABLED,DISABLED,2106,500,2105,DISABLED,DISABLED,2104,500,2105,DISABLED,DISABLED,2107,500,2105,DISABLED,DISABLED,2101,500,2105,DISABLED,DISABLED,2112,500,2105,DISABLED,DISABLED,900,900,1500,N/A,DISABLED,29,914,1680,N/A,ENABLED,29,914,1680,N/A,ENABLED,29,914,1680,N/A,ENABLED,29,914,1680,N/A,ENABLED,22,711,1400,N/A,ENABLED,22,711,1400,N/A,ENABLED,22,711,1400,N/A,ENABLED,22,711,1400,N/A,ENABLED,N/A,40,39,2,152,N/A,N/A,N/A,N/A,ENABLED,2109,500,2109,DISABLED,DISABLED,2106,500,2109,DISABLED,DISABLED,2103,500,2109,DISABLED,DISABLED,2103,500,2109,DISABLED,DISABLED,2103,500,2109,DISABLED,DISABLED,2100,500,2109,DISABLED,DISABLED,2110,500,2109,DISABLED,DISABLED,2116,500,2109,DISABLED,DISABLED,900,900,1500,N/A,DISABLED,29,914,1680,N/A,ENABLED,29,914,1680,N/A,ENABLED,29,914,1680,N/A,ENABLED,29,914,1680,N/A,ENABLED,22,711,1400,N/A,ENABLED,22,711,1400,N/A,ENABLED,22,711,1400,N/A,ENABLED,22,711,1400,N/A,ENABLED,N/A,41,41,3,165,N/A,N/A,N/A,N/A,ENABLED,2108,500,2108,DISABLED,DISABLED,2110,500,2108,DISABLED,DISABLED,2100,500,2108,DISABLED,DISABLED,2110,500,2108,DISABLED,DISABLED,2099,500,2108,DISABLED,DISABLED,2104,500,2108,DISABLED,DISABLED,2107,500,2108,DISABLED,DISABLED,2108,500,2108,DISABLED,DISABLED,900,900,1500,N/A,DISABLED,29,914,1680,N/A,ENABLED,29,914,1680,N/A,ENABLED,29,914,1680,N/A,ENABLED,29,914,1680,N/A,ENABLED,22,711,1400,N/A,ENABLED,22,711,1400,N/A,ENABLED,22,711,1400,N/A,ENABLED,22,711,1400,N/A,ENABLED,N/A,51,49,4,167,N/A,N/A,N/A,N/A,ENABLED,2102,500,2102,DISABLED,DISABLED,2105,500,2102,DISABLED,DISABLED,2100,500,2102,DISABLED,DISABLED,2099,500,2102,DISABLED,DISABLED,2106,500,2102,DISABLED,DISABLED,2107,500,2102,DISABLED,DISABLED,2106,500,2102,DISABLED,DISABLED,2106,500,2102,DISABLED,DISABLED,900,900,1500,N/A,DISABLED,29,914,1680,N/A,ENABLED,29,914,1680,N/A,ENABLED,29,914,1680,N/A,ENABLED,29,914,1680,N/A,ENABLED,22,711,1400,N/A,ENABLED,22,711,1400,N/A,ENABLED,22,711,1400,N/A,ENABLED,22,711,1400,N/A,ENABLED,N/A,51,48,5,152,N/A,N/A,N/A,N/A,ENABLED,2104,500,2104,DISABLED,DISABLED,2109,500,2104,DISABLED,DISABLED,2099,500,2104,DISABLED,DISABLED,2104,500,2104,DISABLED,DISABLED,2112,500,2104,DISABLED,DISABLED,2108,500,2104,DISABLED,DISABLED,2110,500,2104,DISABLED,DISABLED,2110,500,2104,DISABLED,DISABLED,900,900,1500,N/A,DISABLED,29,914,1680,N/A,ENABLED,29,914,1680,N/A,ENABLED,29,914,1680,N/A,ENABLED,29,914,1680,N/A,ENABLED,22,711,1400,N/A,ENABLED,22,711,1400,N/A,ENABLED,22,711,1400,N/A,ENABLED,22,711,1400,N/A,ENABLED,N/A,41,39,6,163,N/A,N/A,N/A,N/A,ENABLED,2099,500,2100,DISABLED,DISABLED,2097,500,2100,DISABLED,DISABLED,2106,500,2100,DISABLED,DISABLED,2106,500,2100,DISABLED,DISABLED,2101,500,2100,DISABLED,DISABLED,2101,500,2100,DISABLED,DISABLED,2102,500,2100,DISABLED,DISABLED,2107,500,2100,DISABLED,DISABLED,900,900,1500,N/A,DISABLED,29,914,1680,N/A,ENABLED,29,914,1680,N/A,ENABLED,29,914,1680,N/A,ENABLED,29,914,1680,N/A,ENABLED,22,711,1400,N/A,ENABLED,22,711,1400,N/A,ENABLED,22,711,1400,N/A,ENABLED,22,711,1400,N/A,ENABLED,N/A,50,49,7,152,N/A,N/A,N/A,N/A,ENABLED,2106,500,2106,DISABLED,DISABLED,2106,500,2106,DISABLED,DISABLED,2099,500,2106,DISABLED,DISABLED,2106,500,2106,DISABLED,DISABLED,2103,500,2106,DISABLED,DISABLED,2104,500,2106,DISABLED,DISABLED,2110,500,2106,DISABLED,DISABLED,2111,500,2106,DISABLED,DISABLED,900,900,1500,N/A,DISABLED,29,914,1680,N/A,ENABLED,29,914,1680,N/A,ENABLED,29,914,1680,N/A,ENABLED,29,914,1680,N/A,ENABLED,22,711,1400,N/A,ENABLED,22,711,1400,N/A,ENABLED,22,711,1400,N/A,ENABLED,22,711,1400,N/A,ENABLED,N/A,44,41
1743961026,0,155,N/A,N/A,N/A,N/A,ENABLED,2101,500,2100,DISABLED,DISABLED,2095,500,2100,DISABLED,DISABLED,2095,500,2100,DISABLED,DISABLED,2107,500,2100,DISABLED,DISABLED,2107,500,2100,DISABLED,DISABLED,2102,500,2100,DISABLED,DISABLED,2107,500,2100,DISABLED,DISABLED,2117,500,2100,DISABLED,DISABLED,900,900,1500,N/A,DISABLED,29,914,1680,N/A,ENABLED,29,914,1680,N/A,ENABLED,29,914,1680,N/A,ENABLED,29,914,1680,N/A,ENABLED,22,711,1400,N/A,ENABLED,22,711,1400,N/A,ENABLED,22,711,1400,N/A,ENABLED,22,711,1400,N/A,ENABLED,N/A,48,47,1,149,N/A,N/A,N/A,N/A,ENABLED,2105,500,2105,DISABLED,DISABLED,2109,500,2105,DISABLED,DISABLED,2109,500,2105,DISABLED,DISABLED,2105,500,2105,DISABLED,DISABLED,2103,500,2105,DISABLED,DISABLED,2108,500,2105,DISABLED,DISABLED,2101,500,2105,DISABLED,DISABLED,2112,500,2105,DISABLED,DISABLED,900,900,1500,N/A,DISABLED,29,914,1680,N/A,ENABLED,29,914,1680,N/A,ENABLED,29,914,1680,N/A,ENABLED,29,914,1680,N/A,ENABLED,22,711,1400,N/A,ENABLED,22,711,1400,N/A,ENABLED,22,711,1400,N/A,ENABLED,22,711,1400,N/A,ENABLED,N/A,40,39,2,152,N/A,N/A,N/A,N/A,ENABLED,2109,500,2109,DISABLED,DISABLED,2107,500,2109,DISABLED,DISABLED,2103,500,2109,DISABLED,DISABLED,2103,500,2109,DISABLED,DISABLED,2104,500,2109,DISABLED,DISABLED,2100,500,2109,DISABLED,DISABLED,2111,500,2109,DISABLED,DISABLED,2115,500,2109,DISABLED,DISABLED,900,900,1500,N/A,DISABLED,29,914,1680,N/A,ENABLED,29,914,1680,N/A,ENABLED,29,914,1680,N/A,ENABLED,29,914,1680,N/A,ENABLED,22,711,1400,N/A,ENABLED,22,711,1400,N/A,ENABLED,22,711,1400,N/A,ENABLED,22,711,1400,N/A,ENABLED,N/A,41,42,3,165,N/A,N/A,N/A,N/A,ENABLED,2108,500,2108,DISABLED,DISABLED,2111,500,2108,DISABLED,DISABLED,2100,500,2108,DISABLED,DISABLED,2110,500,2108,DISABLED,DISABLED,2099,500,2108,DISABLED,DISABLED,2104,500,2108,DISABLED,DISABLED,2108,500,2108,DISABLED,DISABLED,2108,500,2108,DISABLED,DISABLED,900,900,1500,N/A,DISABLED,29,914,1680,N/A,ENABLED,29,914,1680,N/A,ENABLED,29,914,1680,N/A,ENABLED,29,914,1680,N/A,ENABLED,22,711,1400,N/A,ENABLED,22,711,1400,N/A,ENABLED,22,711,1400,N/A,ENABLED,22,711,1400,N/A,ENABLED,N/A,51,49,4,167,N/A,N/A,N/A,N/A,ENABLED,2103,500,2103,DISABLED,DISABLED,2105,500,2103,DISABLED,DISABLED,2100,500,2103,DISABLED,DISABLED,2098,500,2103,DISABLED,DISABLED,2106,500,2103,DISABLED,DISABLED,2106,500,2103,DISABLED,DISABLED,2107,500,2103,DISABLED,DISABLED,2106,500,2103,DISABLED,DISABLED,900,900,1500,N/A,DISABLED,29,914,1680,N/A,ENABLED,29,914,1680,N/A,ENABLED,29,914,1680,N/A,ENABLED,29,914,1680,N/A,ENABLED,22,711,1400,N/A,ENABLED,22,711,1400,N/A,ENABLED,22,711,1400,N/A,ENABLED,22,711,1400,N/A,ENABLED,N/A,51,48,5,152,N/A,N/A,N/A,N/A,ENABLED,2104,500,2104,DISABLED,DISABLED,2109,500,2104,DISABLED,DISABLED,2099,500,2104,DISABLED,DISABLED,2104,500,2104,DISABLED,DISABLED,2113,500,2104,DISABLED,DISABLED,2109,500,2104,DISABLED,DISABLED,2110,500,2104,DISABLED,DISABLED,2110,500,2104,DISABLED,DISABLED,900,900,1500,N/A,DISABLED,29,914,1680,N/A,ENABLED,29,914,1680,N/A,ENABLED,29,914,1680,N/A,ENABLED,29,914,1680,N/A,ENABLED,22,711,1400,N/A,ENABLED,22,711,1400,N/A,ENABLED,22,711,1400,N/A,ENABLED,22,711,1400,N/A,ENABLED,N/A,41,39,6,162,N/A,N/A,N/A,N/A,ENABLED,2100,500,2100,DISABLED,DISABLED,2097,500,2100,DISABLED,DISABLED,2106,500,2100,DISABLED,DISABLED,2106,500,2100,DISABLED,DISABLED,2101,500,2100,DISABLED,DISABLED,2101,500,2100,DISABLED,DISABLED,2102,500,2100,DISABLED,DISABLED,2107,500,2100,DISABLED,DISABLED,900,900,1500,N/A,DISABLED,29,914,1680,N/A,ENABLED,29,914,1680,N/A,ENABLED,29,914,1680,N/A,ENABLED,29,914,1680,N/A,ENABLED,22,711,1400,N/A,ENABLED,22,711,1400,N/A,ENABLED,22,711,1400,N/A,ENABLED,22,711,1400,N/A,ENABLED,N/A,50,50,7,152,N/A,N/A,N/A,N/A,ENABLED,2106,500,2106,DISABLED,DISABLED,2106,500,2106,DISABLED,DISABLED,2099,500,2106,DISABLED,DISABLED,2106,500,2106,DISABLED,DISABLED,2103,500,2106,DISABLED,DISABLED,2104,500,2106,DISABLED,DISABLED,2110,500,2106,DISABLED,DISABLED,2111,500,2106,DISABLED,DISABLED,900,900,1500,N/A,DISABLED,29,914,1680,N/A,ENABLED,29,914,1680,N/A,ENABLED,29,914,1680,N/A,ENABLED,29,914,1680,N/A,ENABLED,22,711,1400,N/A,ENABLED,22,711,1400,N/A,ENABLED,22,711,1400,N/A,ENABLED,22,711,1400,N/A,ENABLED,N/A,44,41
1743961027,0,153,N/A,N/A,N/A,N/A,ENABLED,2101,500,2100,DISABLED,DISABLED,2095,500,2100,DISABLED,DISABLED,2095,500,2100,DISABLED,DISABLED,2107,500,2100,DISABLED,DISABLED,2108,500,2100,DISABLED,DISABLED,2102,500,2100,DISABLED,DISABLED,2108,500,2100,DISABLED,DISABLED,2116,500,2100,DISABLED,DISABLED,900,900,1500,N/A,DISABLED,29,914,1680,N/A,ENABLED,29,914,1680,N/A,ENABLED,29,914,1680,N/A,ENABLED,29,914,1680,N/A,ENABLED,22,711,1400,N/A,ENABLED,22,711,1400,N/A,ENABLED,22,711,1400,N/A,ENABLED,22,711,1400,N/A,ENABLED,N/A,48,47,1,149,N/A,N/A,N/A,N/A,ENABLED,2106,500,2106,DISABLED,DISABLED,2110,500,2106,DISABLED,DISABLED,2109,500,2106,DISABLED,DISABLED,2106,500,2106,DISABLED,DISABLED,2104,500,2106,DISABLED,DISABLED,2108,500,2106,DISABLED,DISABLED,2101,500,2106,DISABLED,DISABLED,2112,500,2106,DISABLED,DISABLED,900,900,1500,N/A,DISABLED,29,914,1680,N/A,ENABLED,29,914,1680,N/A,ENABLED,29,914,1680,N/A,ENABLED,29,914,1680,N/A,ENABLED,22,711,1400,N/A,ENABLED,22,711,1400,N/A,ENABLED,22,711,1400,N/A,ENABLED,22,711,1400,N/A,ENABLED,N/A,40,39,2,152,N/A,N/A,N/A,N/A,ENABLED,2110,500,2110,DISABLED,DISABLED,2106,500,2110,DISABLED,DISABLED,2103,500,2110,DISABLED,DISABLED,2104,500,2110,DISABLED,DISABLED,2103,500,2110,DISABLED,DISABLED,2100,500,2110,DISABLED,DISABLED,2111,500,2110,DISABLED,DISABLED,2115,500,2110,DISABLED,DISABLED,900,900,1500,N/A,DISABLED,29,914,1680,N/A,ENABLED,29,914,1680,N/A,ENABLED,29,914,1680,N/A,ENABLED,29,914,1680,N/A,ENABLED,22,711,1400,N/A,ENABLED,22,711,1400,N/A,ENABLED,22,711,1400,N/A,ENABLED,22,711,1400,N/A,ENABLED,N/A,41,41,3,166,N/A,N/A,N/A,N/A,ENABLED,2108,500,2108,DISABLED,DISABLED,2110,500,2108,DISABLED,DISABLED,2100,500,2108,DISABLED,DISABLED,2110,500,2108,DISABLED,DISABLED,2099,500,2108,DISABLED,DISABLED,2104,500,2108,DISABLED,DISABLED,2107,500,2108,DISABLED,DISABLED,2108,500,2108,DISABLED,DISABLED,900,900,1500,N/A,DISABLED,29,914,1680,N/A,ENABLED,29,914,1680,N/A,ENABLED,29,914,1680,N/A,ENABLED,29,914,1680,N/A,ENABLED,22,711,1400,N/A,ENABLED,22,711,1400,N/A,ENABLED,22,711,1400,N/A,ENABLED,22,711,1400,N/A,ENABLED,N/A,51,50,4,167,N/A,N/A,N/A,N/A,ENABLED,2103,500,2103,DISABLED,DISABLED,2105,500,2103,DISABLED,DISABLED,2100,500,2103,DISABLED,DISABLED,2099,500,2103,DISABLED,DISABLED,2106,500,2103,DISABLED,DISABLED,2106,500,2103,DISABLED,DISABLED,2106,500,2103,DISABLED,DISABLED,2106,500,2103,DISABLED,DISABLED,900,900,1500,N/A,DISABLED,29,914,1680,N/A,ENABLED,29,914,1680,N/A,ENABLED,29,914,1680,N/A,ENABLED,29,914,1680,N/A,ENABLED,22,711,1400,N/A,ENABLED,22,711,1400,N/A,ENABLED,22,711,1400,N/A,ENABLED,22,711,1400,N/A,ENABLED,N/A,51,48,5,152,N/A,N/A,N/A,N/A,ENABLED,2104,500,2104,DISABLED,DISABLED,2109,500,2104,DISABLED,DISABLED,2099,500,2104,DISABLED,DISABLED,2104,500,2104,DISABLED,DISABLED,2112,500,2104,DISABLED,DISABLED,2108,500,2104,DISABLED,DISABLED,2110,500,2104,DISABLED,DISABLED,2110,500,2104,DISABLED,DISABLED,900,900,1500,N/A,DISABLED,29,914,1680,N/A,ENABLED,29,914,1680,N/A,ENABLED,29,914,1680,N/A,ENABLED,29,914,1680,N/A,ENABLED,22,711,1400,N/A,ENABLED,22,711,1400,N/A,ENABLED,22,711,1400,N/A,ENABLED,22,711,1400,N/A,ENABLED,N/A,41,38,6,161,N/A,N/A,N/A,N/A,ENABLED,2100,500,2100,DISABLED,DISABLED,2097,500,2100,DISABLED,DISABLED,2106,500,2100,DISABLED,DISABLED,2106,500,2100,DISABLED,DISABLED,2101,500,2100,DISABLED,DISABLED,2101,500,2100,DISABLED,DISABLED,2102,500,2100,DISABLED,DISABLED,2107,500,2100,DISABLED,DISABLED,900,900,1500,N/A,DISABLED,29,914,1680,N/A,ENABLED,29,914,1680,N/A,ENABLED,29,914,1680,N/A,ENABLED,29,914,1680,N/A,ENABLED,22,711,1400,N/A,ENABLED,22,711,1400,N/A,ENABLED,22,711,1400,N/A,ENABLED,22,711,1400,N/A,ENABLED,N/A,50,50,7,152,N/A,N/A,N/A,N/A,ENABLED,2106,500,2106,DISABLED,DISABLED,2107,500,2106,DISABLED,DISABLED,2099,500,2106,DISABLED,DISABLED,2106,500,2106,DISABLED,DISABLED,2103,500,2106,DISABLED,DISABLED,2104,500,2106,DISABLED,DISABLED,2110,500,2106,DISABLED,DISABLED,2111,500,2106,DISABLED,DISABLED,900,900,1500,N/A,DISABLED,29,914,1680,N/A,ENABLED,29,914,1680,N/A,ENABLED,29,914,1680,N/A,ENABLED,29,914,1680,N/A,ENABLED,22,711,1400,N/A,ENABLED,22,711,1400,N/A,ENABLED,22,711,1400,N/A,ENABLED,22,711,1400,N/A,ENABLED,N/A,44,41
1743961028,0,154,N/A,N/A,N/A,N/A,ENABLED,2101,500,2100,DISABLED,DISABLED,2095,500,2100,DISABLED,DISABLED,2095,500,2100,DISABLED,DISABLED,2107,500,2100,DISABLED,DISABLED,2107,500,2100,DISABLED,DISABLED,2103,500,2100,DISABLED,DISABLED,2107,500,2100,DISABLED,DISABLED,2116,500,2100,DISABLED,DISABLED,900,900,1500,N/A,DISABLED,29,914,1680,N/A,ENABLED,29,914,1680,N/A,ENABLED,29,914,1680,N/A,ENABLED,29,914,1680,N/A,ENABLED,22,711,1400,N/A,ENABLED,22,711,1400,N/A,ENABLED,22,711,1400,N/A,ENABLED,22,711,1400,N/A,ENABLED,N/A,48,47,1,149,N/A,N/A,N/A,N/A,ENABLED,2105,500,2105,DISABLED,DISABLED,2110,500,2105,DISABLED,DISABLED,2109,500,2105,DISABLED,DISABLED,2105,500,2105,DISABLED,DISABLED,2104,500,2105,DISABLED,DISABLED,2107,500,2105,DISABLED,DISABLED,2101,500,2105,DISABLED,DISABLED,2112,500,2105,DISABLED,DISABLED,900,900,1500,N/A,DISABLED,29,914,1680,N/A,ENABLED,29,914,1680,N/A,ENABLED,29,914,1680,N/A,ENABLED,29,914,1680,N/A,ENABLED,22,711,1400,N/A,ENABLED,22,711,1400,N/A,ENABLED,22,711,1400,N/A,ENABLED,22,711,1400,N/A,ENABLED,N/A,40,39,2,152,N/A,N/A,N/A,N/A,ENABLED,2109,500,2109,DISABLED,DISABLED,2107,500,2109,DISABLED,DISABLED,2103,500,2109,DISABLED,DISABLED,2104,500,2109,DISABLED,DISABLED,2103,500,2109,DISABLED,DISABLED,2101,500,2109,DISABLED,DISABLED,2111,500,2109,DISABLED,DISABLED,2115,500,2109,DISABLED,DISABLED,900,900,1500,N/A,DISABLED,29,914,1680,N/A,ENABLED,29,914,1680,N/A,ENABLED,29,914,1680,N/A,ENABLED,29,914,1680,N/A,ENABLED,22,711,1400,N/A,ENABLED,22,711,1400,N/A,ENABLED,22,711,1400,N/A,ENABLED,22,711,1400,N/A,ENABLED,N/A,41,41,3,165,N/A,N/A,N/A,N/A,ENABLED,2108,500,2108,DISABLED,DISABLED,2110,500,2108,DISABLED,DISABLED,2100,500,2108,DISABLED,DISABLED,2110,500,2108,DISABLED,DISABLED,2099,500,2108,DISABLED,DISABLED,2104,500,2108,DISABLED,DISABLED,2108,500,2108,DISABLED,DISABLED,2108,500,2108,DISABLED,DISABLED,900,900,1500,N/A,DISABLED,29,914,1680,N/A,ENABLED,29,914,1680,N/A,ENABLED,29,914,1680,N/A,ENABLED,29,914,1680,N/A,ENABLED,22,711,1400,N/A,ENABLED,22,711,1400,N/A,ENABLED,22,711,1400,N/A,ENABLED,22,711,1400,N/A,ENABLED,N/A,51,49,4,167,N/A,N/A,N/A,N/A,ENABLED,2103,500,2103,DISABLED,DISABLED,2105,500,2103,DISABLED,DISABLED,2100,500,2103,DISABLED,DISABLED,2099,500,2103,DISABLED,DISABLED,2105,500,2103,DISABLED,DISABLED,2106,500,2103,DISABLED,DISABLED,2106,500,2103,DISABLED,DISABLED,2106,500,2103,DISABLED,DISABLED,900,900,1500,N/A,DISABLED,29,914,1680,N/A,ENABLED,29,914,1680,N/A,ENABLED,29,914,1680,N/A,ENABLED,29,914,1680,N/A,ENABLED,22,711,1400,N/A,ENABLED,22,711,1400,N/A,ENABLED,22,711,1400,N/A,ENABLED,22,711,1400,N/A,ENABLED,N/A,50,48,5,152,N/A,N/A,N/A,N/A,ENABLED,2104,500,2104,DISABLED,DISABLED,2109,500,2104,DISABLED,DISABLED,2099,500,2104,DISABLED,DISABLED,2104,500,2104,DISABLED,DISABLED,2113,500,2104,DISABLED,DISABLED,2108,500,2104,DISABLED,DISABLED,2110,500,2104,DISABLED,DISABLED,2110,500,2104,DISABLED,DISABLED,900,900,1500,N/A,DISABLED,29,914,1680,N/A,ENABLED,29,914,1680,N/A,ENABLED,29,914,1680,N/A,ENABLED,29,914,1680,N/A,ENABLED,22,711,1400,N/A,ENABLED,22,711,1400,N/A,ENABLED,22,711,1400,N/A,ENABLED,22,711,1400,N/A,ENABLED,N/A,41,38,6,161,N/A,N/A,N/A,N/A,ENABLED,2100,500,2100,DISABLED,DISABLED,2096,500,2100,DISABLED,DISABLED,2106,500,2100,DISABLED,DISABLED,2106,500,2100,DISABLED,DISABLED,2101,500,2100,DISABLED,DISABLED,2100,500,2100,DISABLED,DISABLED,2102,500,2100,DISABLED,DISABLED,2107,500,2100,DISABLED,DISABLED,900,900,1500,N/A,DISABLED,29,914,1680,N/A,ENABLED,29,914,1680,N/A,ENABLED,29,914,1680,N/A,ENABLED,29,914,1680,N/A,ENABLED,22,711,1400,N/A,ENABLED,22,711,1400,N/A,ENABLED,22,711,1400,N/A,ENABLED,22,711,1400,N/A,ENABLED,N/A,50,50,7,152,N/A,N/A,N/A,N/A,ENABLED,2106,500,2106,DISABLED,DISABLED,2106,500,2106,DISABLED,DISABLED,2099,500,2106,DISABLED,DISABLED,2106,500,2106,DISABLED,DISABLED,2103,500,2106,DISABLED,DISABLED,2104,500,2106,DISABLED,DISABLED,2111,500,2106,DISABLED,DISABLED,2110,500,2106,DISABLED,DISABLED,900,900,1500,N/A,DISABLED,29,914,1680,N/A,ENABLED,29,914,1680,N/A,ENABLED,29,914,1680,N/A,ENABLED,29,914,1680,N/A,ENABLED,22,711,1400,N/A,ENABLED,22,711,1400,N/A,ENABLED,22,711,1400,N/A,ENABLED,22,711,1400,N/A,ENABLED,N/A,44,40
1743961030,0,155,N/A,N/A,N/A,N/A,ENABLED,2101,500,2100,DISABLED,DISABLED,2095,500,2100,DISABLED,DISABLED,2095,500,2100,DISABLED,DISABLED,2107,500,2100,DISABLED,DISABLED,2108,500,2100,DISABLED,DISABLED,2102,500,2100,DISABLED,DISABLED,2107,500,2100,DISABLED,DISABLED,2116,500,2100,DISABLED,DISABLED,900,900,1500,N/A,DISABLED,29,914,1680,N/A,ENABLED,29,914,1680,N/A,ENABLED,29,914,1680,N/A,ENABLED,29,914,1680,N/A,ENABLED,22,711,1400,N/A,ENABLED,22,711,1400,N/A,ENABLED,22,711,1400,N/A,ENABLED,22,711,1400,N/A,ENABLED,N/A,48,47,1,148,N/A,N/A,N/A,N/A,ENABLED,2106,500,2106,DISABLED,DISABLED,2110,500,2106,DISABLED,DISABLED,2109,500,2106,DISABLED,DISABLED,2105,500,2106,DISABLED,DISABLED,2104,500,2106,DISABLED,DISABLED,2107,500,2106,DISABLED,DISABLED,2101,500,2106,DISABLED,DISABLED,2112,500,2106,DISABLED,DISABLED,900,900,1500,N/A,DISABLED,29,914,1680,N/A,ENABLED,29,914,1680,N/A,ENABLED,29,914,1680,N/A,ENABLED,29,914,1680,N/A,ENABLED,22,711,1400,N/A,ENABLED,22,711,1400,N/A,ENABLED,22,711,1400,N/A,ENABLED,22,711,1400,N/A,ENABLED,N/A,40,39,2,152,N/A,N/A,N/A,N/A,ENABLED,2109,500,2109,DISABLED,DISABLED,2107,500,2109,DISABLED,DISABLED,2103,500,2109,DISABLED,DISABLED,2104,500,2109,DISABLED,DISABLED,2104,500,2109,DISABLED,DISABLED,2100,500,2109,DISABLED,DISABLED,2111,500,2109,DISABLED,DISABLED,2114,500,2109,DISABLED,DISABLED,900,900,1500,N/A,DISABLED,29,914,1680,N/A,ENABLED,29,914,1680,N/A,ENABLED,29,914,1680,N/A,ENABLED,29,914,1680,N/A,ENABLED,22,711,1400,N/A,ENABLED,22,711,1400,N/A,ENABLED,22,711,1400,N/A,ENABLED,22,711,1400,N/A,ENABLED,N/A,41,41,3,165,N/A,N/A,N/A,N/A,ENABLED,2109,500,2109,DISABLED,DISABLED,2111,500,2109,DISABLED,DISABLED,2100,500,2109,DISABLED,DISABLED,2110,500,2109,DISABLED,DISABLED,2099,500,2109,DISABLED,DISABLED,2104,500,2109,DISABLED,DISABLED,2109,500,2109,DISABLED,DISABLED,2109,500,2109,DISABLED,DISABLED,900,900,1500,N/A,DISABLED,29,914,1680,N/A,ENABLED,29,914,1680,N/A,ENABLED,29,914,1680,N/A,ENABLED,29,914,1680,N/A,ENABLED,22,711,1400,N/A,ENABLED,22,711,1400,N/A,ENABLED,22,711,1400,N/A,ENABLED,22,711,1400,N/A,ENABLED,N/A,51,49,4,166,N/A,N/A,N/A,N/A,ENABLED,2103,500,2103,DISABLED,DISABLED,2105,500,2103,DISABLED,DISABLED,2100,500,2103,DISABLED,DISABLED,2099,500,2103,DISABLED,DISABLED,2106,500,2103,DISABLED,DISABLED,2107,500,2103,DISABLED,DISABLED,2106,500,2103,DISABLED,DISABLED,2106,500,2103,DISABLED,DISABLED,900,900,1500,N/A,DISABLED,29,914,1680,N/A,ENABLED,29,914,1680,N/A,ENABLED,29,914,1680,N/A,ENABLED,29,914,1680,N/A,ENABLED,22,711,1400,N/A,ENABLED,22,711,1400,N/A,ENABLED,22,711,1400,N/A,ENABLED,22,711,1400,N/A,ENABLED,N/A,50,48,5,152,N/A,N/A,N/A,N/A,ENABLED,2104,500,2104,DISABLED,DISABLED,2109,500,2104,DISABLED,DISABLED,2099,500,2104,DISABLED,DISABLED,2104,500,2104,DISABLED,DISABLED,2112,500,2104,DISABLED,DISABLED,2109,500,2104,DISABLED,DISABLED,2110,500,2104,DISABLED,DISABLED,2110,500,2104,DISABLED,DISABLED,900,900,1500,N/A,DISABLED,29,914,1680,N/A,ENABLED,29,914,1680,N/A,ENABLED,29,914,1680,N/A,ENABLED,29,914,1680,N/A,ENABLED,22,711,1400,N/A,ENABLED,22,711,1400,N/A,ENABLED,22,711,1400,N/A,ENABLED,22,711,1400,N/A,ENABLED,N/A,41,39,6,163,N/A,N/A,N/A,N/A,ENABLED,2100,500,2100,DISABLED,DISABLED,2096,500,2100,DISABLED,DISABLED,2106,500,2100,DISABLED,DISABLED,2107,500,2100,DISABLED,DISABLED,2101,500,2100,DISABLED,DISABLED,2100,500,2100,DISABLED,DISABLED,2102,500,2100,DISABLED,DISABLED,2107,500,2100,DISABLED,DISABLED,900,900,1500,N/A,DISABLED,29,914,1680,N/A,ENABLED,29,914,1680,N/A,ENABLED,29,914,1680,N/A,ENABLED,29,914,1680,N/A,ENABLED,22,711,1400,N/A,ENABLED,22,711,1400,N/A,ENABLED,22,711,1400,N/A,ENABLED,22,711,1400,N/A,ENABLED,N/A,50,49,7,153,N/A,N/A,N/A,N/A,ENABLED,2106,500,2106,DISABLED,DISABLED,2106,500,2106,DISABLED,DISABLED,2099,500,2106,DISABLED,DISABLED,2106,500,2106,DISABLED,DISABLED,2103,500,2106,DISABLED,DISABLED,2104,500,2106,DISABLED,DISABLED,2110,500,2106,DISABLED,DISABLED,2111,500,2106,DISABLED,DISABLED,900,900,1500,N/A,DISABLED,29,914,1680,N/A,ENABLED,29,914,1680,N/A,ENABLED,29,914,1680,N/A,ENABLED,29,914,1680,N/A,ENABLED,22,711,1400,N/A,ENABLED,22,711,1400,N/A,ENABLED,22,711,1400,N/A,ENABLED,22,711,1400,N/A,ENABLED,N/A,44,41
1743961031,0,154,N/A,N/A,N/A,N/A,ENABLED,2101,500,2100,DISABLED,DISABLED,2095,500,2100,DISABLED,DISABLED,2095,500,2100,DISABLED,DISABLED,2108,500,2100,DISABLED,DISABLED,2108,500,2100,DISABLED,DISABLED,2102,500,2100,DISABLED,DISABLED,2107,500,2100,DISABLED,DISABLED,2116,500,2100,DISABLED,DISABLED,900,900,1500,N/A,DISABLED,29,914,1680,N/A,ENABLED,29,914,1680,N/A,ENABLED,29,914,1680,N/A,ENABLED,29,914,1680,N/A,ENABLED,22,711,1400,N/A,ENABLED,22,711,1400,N/A,ENABLED,22,711,1400,N/A,ENABLED,22,711,1400,N/A,ENABLED,N/A,48,47,1,148,N/A,N/A,N/A,N/A,ENABLED,2105,500,2105,DISABLED,DISABLED,2110,500,2105,DISABLED,DISABLED,2109,500,2105,DISABLED,DISABLED,2105,500,2105,DISABLED,DISABLED,2104,500,2105,DISABLED,DISABLED,2108,500,2105,DISABLED,DISABLED,2101,500,2105,DISABLED,DISABLED,2112,500,2105,DISABLED,DISABLED,900,900,1500,N/A,DISABLED,29,914,1680,N/A,ENABLED,29,914,1680,N/A,ENABLED,29,914,1680,N/A,ENABLED,29,914,1680,N/A,ENABLED,22,711,1400,N/A,ENABLED,22,711,1400,N/A,ENABLED,22,711,1400,N/A,ENABLED,22,711,1400,N/A,ENABLED,N/A,40,39,2,151,N/A,N/A,N/A,N/A,ENABLED,2110,500,2110,DISABLED,DISABLED,2107,500,2110,DISABLED,DISABLED,2103,500,2110,DISABLED,DISABLED,2104,500,2110,DISABLED,DISABLED,2103,500,2110,DISABLED,DISABLED,2100,500,2110,DISABLED,DISABLED,2110,500,2110,DISABLED,DISABLED,2115,500,2110,DISABLED,DISABLED,900,900,1500,N/A,DISABLED,29,914,1680,N/A,ENABLED,29,914,1680,N/A,ENABLED,29,914,1680,N/A,ENABLED,29,914,1680,N/A,ENABLED,22,711,1400,N/A,ENABLED,22,711,1400,N/A,ENABLED,22,711,1400,N/A,ENABLED,22,711,1400,N/A,ENABLED,N/A,41,42,3,165,N/A,N/A,N/A,N/A,ENABLED,2108,500,2108,DISABLED,DISABLED,2110,500,2108,DISABLED,DISABLED,2100,500,2108,DISABLED,DISABLED,2110,500,2108,DISABLED,DISABLED,2099,500,2108,DISABLED,DISABLED,2104,500,2108,DISABLED,DISABLED,2109,500,2108,DISABLED,DISABLED,2109,500,2108,DISABLED,DISABLED,900,900,1500,N/A,DISABLED,29,914,1680,N/A,ENABLED,29,914,1680,N/A,ENABLED,29,914,1680,N/A,ENABLED,29,914,1680,N/A,ENABLED,22,711,1400,N/A,ENABLED,22,711,1400,N/A,ENABLED,22,711,1400,N/A,ENABLED,22,711,1400,N/A,ENABLED,N/A,51,49,4,166,N/A,N/A,N/A,N/A,ENABLED,2103,500,2103,DISABLED,DISABLED,2105,500,2103,DISABLED,DISABLED,2100,500,2103,DISABLED,DISABLED,2099,500,2103,DISABLED,DISABLED,2106,500,2103,DISABLED,DISABLED,2107,500,2103,DISABLED,DISABLED,2106,500,2103,DISABLED,DISABLED,2106,500,2103,DISABLED,DISABLED,900,900,1500,N/A,DISABLED,29,914,1680,N/A,ENABLED,29,914,1680,N/A,ENABLED,29,914,1680,N/A,ENABLED,29,914,1680,N/A,ENABLED,22,711,1400,N/A,ENABLED,22,711,1400,N/A,ENABLED,22,711,1400,N/A,ENABLED,22,711,1400,N/A,ENABLED,N/A,50,48,5,152,N/A,N/A,N/A,N/A,ENABLED,2104,500,2104,DISABLED,DISABLED,2109,500,2104,DISABLED,DISABLED,2099,500,2104,DISABLED,DISABLED,2104,500,2104,DISABLED,DISABLED,2112,500,2104,DISABLED,DISABLED,2109,500,2104,DISABLED,DISABLED,2110,500,2104,DISABLED,DISABLED,2110,500,2104,DISABLED,DISABLED,900,900,1500,N/A,DISABLED,29,914,1680,N/A,ENABLED,29,914,1680,N/A,ENABLED,29,914,1680,N/A,ENABLED,29,914,1680,N/A,ENABLED,22,711,1400,N/A,ENABLED,22,711,1400,N/A,ENABLED,22,711,1400,N/A,ENABLED,22,711,1400,N/A,ENABLED,N/A,41,39,6,162,N/A,N/A,N/A,N/A,ENABLED,2099,500,2100,DISABLED,DISABLED,2097,500,2100,DISABLED,DISABLED,2106,500,2100,DISABLED,DISABLED,2106,500,2100,DISABLED,DISABLED,2101,500,2100,DISABLED,DISABLED,2101,500,2100,DISABLED,DISABLED,2102,500,2100,DISABLED,DISABLED,2107,500,2100,DISABLED,DISABLED,900,900,1500,N/A,DISABLED,29,914,1680,N/A,ENABLED,29,914,1680,N/A,ENABLED,29,914,1680,N/A,ENABLED,29,914,1680,N/A,ENABLED,22,711,1400,N/A,ENABLED,22,711,1400,N/A,ENABLED,22,711,1400,N/A,ENABLED,22,711,1400,N/A,ENABLED,N/A,50,49,7,152,N/A,N/A,N/A,N/A,ENABLED,2105,500,2105,DISABLED,DISABLED,2106,500,2105,DISABLED,DISABLED,2099,500,2105,DISABLED,DISABLED,2106,500,2105,DISABLED,DISABLED,2102,500,2105,DISABLED,DISABLED,2104,500,2105,DISABLED,DISABLED,2110,500,2105,DISABLED,DISABLED,2111,500,2105,DISABLED,DISABLED,900,900,1500,N/A,DISABLED,29,914,1680,N/A,ENABLED,29,914,1680,N/A,ENABLED,29,914,1680,N/A,ENABLED,29,914,1680,N/A,ENABLED,22,711,1400,N/A,ENABLED,22,711,1400,N/A,ENABLED,22,711,1400,N/A,ENABLED,22,711,1400,N/A,ENABLED,N/A,44,40
1743961032,0,155,N/A,N/A,N/A,N/A,ENABLED,2102,500,2102,DISABLED,DISABLED,2095,500,2102,DISABLED,DISABLED,2095,500,2102,DISABLED,DISABLED,2107,500,2102,DISABLED,DISABLED,2108,500,2102,DISABLED,DISABLED,2102,500,2102,DISABLED,DISABLED,2107,500,2102,DISABLED,DISABLED,2116,500,2102,DISABLED,DISABLED,900,900,1500,N/A,DISABLED,29,914,1680,N/A,ENABLED,29,914,1680,N/A,ENABLED,29,914,1680,N/A,ENABLED,29,914,1680,N/A,ENABLED,22,711,1400,N/A,ENABLED,22,711,1400,N/A,ENABLED,22,711,1400,N/A,ENABLED,22,711,1400,N/A,ENABLED,N/A,48,47,1,148,N/A,N/A,N/A,N/A,ENABLED,2105,500,2105,DISABLED,DISABLED,2109,500,2105,DISABLED,DISABLED,2109,500,2105,DISABLED,DISABLED,2105,500,2105,DISABLED,DISABLED,2104,500,2105,DISABLED,DISABLED,2108,500,2105,DISABLED,DISABLED,2100,500,2105,DISABLED,DISABLED,2112,500,2105,DISABLED,DISABLED,900,900,1500,N/A,DISABLED,29,914,1680,N/A,ENABLED,29,914,1680,N/A,ENABLED,29,914,1680,N/A,ENABLED,29,914,1680,N/A,ENABLED,22,711,1400,N/A,ENABLED,22,711,1400,N/A,ENABLED,22,711,1400,N/A,ENABLED,22,711,1400,N/A,ENABLED,N/A,40,39,2,151,N/A,N/A,N/A,N/A,ENABLED,2109,500,2109,DISABLED,DISABLED,2107,500,2109,DISABLED,DISABLED,2103,500,2109,DISABLED,DISABLED,2104,500,2109,DISABLED,DISABLED,2103,500,2109,DISABLED,DISABLED,2100,500,2109,DISABLED,DISABLED,2111,500,2109,DISABLED,DISABLED,2115,500,2109,DISABLED,DISABLED,900,900,1500,N/A,DISABLED,29,914,1680,N/A,ENABLED,29,914,1680,N/A,ENABLED,29,914,1680,N/A,ENABLED,29,914,1680,N/A,ENABLED,22,711,1400,N/A,ENABLED,22,711,1400,N/A,ENABLED,22,711,1400,N/A,ENABLED,22,711,1400,N/A,ENABLED,N/A,41,41,3,165,N/A,N/A,N/A,N/A,ENABLED,2109,500,2109,DISABLED,DISABLED,2110,500,2109,DISABLED,DISABLED,2100,500,2109,DISABLED,DISABLED,2109,500,2109,DISABLED,DISABLED,2099,500,2109,DISABLED,DISABLED,2104,500,2109,DISABLED,DISABLED,2109,500,2109,DISABLED,DISABLED,2110,500,2109,DISABLED,DISABLED,900,900,1500,N/A,DISABLED,29,914,1680,N/A,ENABLED,29,914,1680,N/A,ENABLED,29,914,1680,N/A,ENABLED,29,914,1680,N/A,ENABLED,22,711,1400,N/A,ENABLED,22,711,1400,N/A,ENABLED,22,711,1400,N/A,ENABLED,22,711,1400,N/A,ENABLED,N/A,51,49,4,166,N/A,N/A,N/A,N/A,ENABLED,2103,500,2103,DISABLED,DISABLED,2105,500,2103,DISABLED,DISABLED,2100,500,2103,DISABLED,DISABLED,2099,500,2103,DISABLED,DISABLED,2106,500,2103,DISABLED,DISABLED,2107,500,2103,DISABLED,DISABLED,2106,500,2103,DISABLED,DISABLED,2106,500,2103,DISABLED,DISABLED,900,900,1500,N/A,DISABLED,29,914,1680,N/A,ENABLED,29,914,1680,N/A,ENABLED,29,914,1680,N/A,ENABLED,29,914,1680,N/A,ENABLED,22,711,1400,N/A,ENABLED,22,711,1400,N/A,ENABLED,22,711,1400,N/A,ENABLED,22,711,1400,N/A,ENABLED,N/A,50,48,5,152,N/A,N/A,N/A,N/A,ENABLED,2104,500,2104,DISABLED,DISABLED,2108,500,2104,DISABLED,DISABLED,2099,500,2104,DISABLED,DISABLED,2104,500,2104,DISABLED,DISABLED,2112,500,2104,DISABLED,DISABLED,2108,500,2104,DISABLED,DISABLED,2110,500,2104,DISABLED,DISABLED,2110,500,2104,DISABLED,DISABLED,900,900,1500,N/A,DISABLED,29,914,1680,N/A,ENABLED,29,914,1680,N/A,ENABLED,29,914,1680,N/A,ENABLED,29,914,1680,N/A,ENABLED,22,711,1400,N/A,ENABLED,22,711,1400,N/A,ENABLED,22,711,1400,N/A,ENABLED,22,711,1400,N/A,ENABLED,N/A,41,38,6,162,N/A,N/A,N/A,N/A,ENABLED,2100,500,2100,DISABLED,DISABLED,2096,500,2100,DISABLED,DISABLED,2107,500,2100,DISABLED,DISABLED,2106,500,2100,DISABLED,DISABLED,2101,500,2100,DISABLED,DISABLED,2101,500,2100,DISABLED,DISABLED,2102,500,2100,DISABLED,DISABLED,2107,500,2100,DISABLED,DISABLED,900,900,1500,N/A,DISABLED,29,914,1680,N/A,ENABLED,29,914,1680,N/A,ENABLED,29,914,1680,N/A,ENABLED,29,914,1680,N/A,ENABLED,22,711,1400,N/A,ENABLED,22,711,1400,N/A,ENABLED,22,711,1400,N/A,ENABLED,22,711,1400,N/A,ENABLED,N/A,50,49,7,152,N/A,N/A,N/A,N/A,ENABLED,2105,500,2105,DISABLED,DISABLED,2106,500,2105,DISABLED,DISABLED,2099,500,2105,DISABLED,DISABLED,2105,500,2105,DISABLED,DISABLED,2103,500,2105,DISABLED,DISABLED,2103,500,2105,DISABLED,DISABLED,2110,500,2105,DISABLED,DISABLED,2112,500,2105,DISABLED,DISABLED,900,900,1500,N/A,DISABLED,29,914,1680,N/A,ENABLED,29,914,1680,N/A,ENABLED,29,914,1680,N/A,ENABLED,29,914,1680,N/A,ENABLED,22,711,1400,N/A,ENABLED,22,711,1400,N/A,ENABLED,22,711,1400,N/A,ENABLED,22,711,1400,N/A,ENABLED,N/A,44,41
1743961034,0,154,N/A,N/A,N/A,N/A,ENABLED,2102,500,2102,DISABLED,DISABLED,2095,500,2102,DISABLED,DISABLED,2095,500,2102,DISABLED,DISABLED,2107,500,2102,DISABLED,DISABLED,2107,500,2102,DISABLED,DISABLED,2101,500,2102,DISABLED,DISABLED,2107,500,2102,DISABLED,DISABLED,2116,500,2102,DISABLED,DISABLED,900,900,1500,N/A,DISABLED,29,914,1680,N/A,ENABLED,29,914,1680,N/A,ENABLED,29,914,1680,N/A,ENABLED,29,914,1680,N/A,ENABLED,22,711,1400,N/A,ENABLED,22,711,1400,N/A,ENABLED,22,711,1400,N/A,ENABLED,22,711,1400,N/A,ENABLED,N/A,48,47,1,149,N/A,N/A,N/A,N/A,ENABLED,2106,500,2106,DISABLED,DISABLED,2110,500,2106,DISABLED,DISABLED,2108,500,2106,DISABLED,DISABLED,2105,500,2106,DISABLED,DISABLED,2104,500,2106,DISABLED,DISABLED,2107,500,2106,DISABLED,DISABLED,2101,500,2106,DISABLED,DISABLED,2111,500,2106,DISABLED,DISABLED,900,900,1500,N/A,DISABLED,29,914,1680,N/A,ENABLED,29,914,1680,N/A,ENABLED,29,914,1680,N/A,ENABLED,29,914,1680,N/A,ENABLED,22,711,1400,N/A,ENABLED,22,711,1400,N/A,ENABLED,22,711,1400,N/A,ENABLED,22,711,1400,N/A,ENABLED,N/A,40,39,2,151,N/A,N/A,N/A,N/A,ENABLED,2109,500,2109,DISABLED,DISABLED,2107,500,2109,DISABLED,DISABLED,2103,500,2109,DISABLED,DISABLED,2104,500,2109,DISABLED,DISABLED,2103,500,2109,DISABLED,DISABLED,2100,500,2109,DISABLED,DISABLED,2111,500,2109,DISABLED,DISABLED,2115,500,2109,DISABLED,DISABLED,900,900,1500,N/A,DISABLED,29,914,1680,N/A,ENABLED,29,914,1680,N/A,ENABLED,29,914,1680,N/A,ENABLED,29,914,1680,N/A,ENABLED,22,711,1400,N/A,ENABLED,22,711,1400,N/A,ENABLED,22,711,1400,N/A,ENABLED,22,711,1400,N/A,ENABLED,N/A,41,41,3,165,N/A,N/A,N/A,N/A,ENABLED,2109,500,2109,DISABLED,DISABLED,2110,500,2109,DISABLED,DISABLED,2100,500,2109,DISABLED,DISABLED,2109,500,2109,DISABLED,DISABLED,2099,500,2109,DISABLED,DISABLED,2104,500,2109,DISABLED,DISABLED,2109,500,2109,DISABLED,DISABLED,2109,500,2109,DISABLED,DISABLED,900,900,1500,N/A,DISABLED,29,914,1680,N/A,ENABLED,29,914,1680,N/A,ENABLED,29,914,1680,N/A,ENABLED,29,914,1680,N/A,ENABLED,22,711,1400,N/A,ENABLED,22,711,1400,N/A,ENABLED,22,711,1400,N/A,ENABLED,22,711,1400,N/A,ENABLED,N/A,51,49,4,166,N/A,N/A,N/A,N/A,ENABLED,2103,500,2103,DISABLED,DISABLED,2105,500,2103,DISABLED,DISABLED,2100,500,2103,DISABLED,DISABLED,2099,500,2103,DISABLED,DISABLED,2106,500,2103,DISABLED,DISABLED,2107,500,2103,DISABLED,DISABLED,2106,500,2103,DISABLED,DISABLED,2106,500,2103,DISABLED,DISABLED,900,900,1500,N/A,DISABLED,29,914,1680,N/A,ENABLED,29,914,1680,N/A,ENABLED,29,914,1680,N/A,ENABLED,29,914,1680,N/A,ENABLED,22,711,1400,N/A,ENABLED,22,711,1400,N/A,ENABLED,22,711,1400,N/A,ENABLED,22,711,1400,N/A,ENABLED,N/A,50,48,5,152,N/A,N/A,N/A,N/A,ENABLED,2104,500,2104,DISABLED,DISABLED,2108,500,2104,DISABLED,DISABLED,2099,500,2104,DISABLED,DISABLED,2104,500,2104,DISABLED,DISABLED,2113,500,2104,DISABLED,DISABLED,2108,500,2104,DISABLED,DISABLED,2111,500,2104,DISABLED,DISABLED,2109,500,2104,DISABLED,DISABLED,900,900,1500,N/A,DISABLED,29,914,1680,N/A,ENABLED,29,914,1680,N/A,ENABLED,29,914,1680,N/A,ENABLED,29,914,1680,N/A,ENABLED,22,711,1400,N/A,ENABLED,22,711,1400,N/A,ENABLED,22,711,1400,N/A,ENABLED,22,711,1400,N/A,ENABLED,N/A,41,38,6,161,N/A,N/A,N/A,N/A,ENABLED,2100,500,2100,DISABLED,DISABLED,2097,500,2100,DISABLED,DISABLED,2106,500,2100,DISABLED,DISABLED,2106,500,2100,DISABLED,DISABLED,2101,500,2100,DISABLED,DISABLED,2101,500,2100,DISABLED,DISABLED,2102,500,2100,DISABLED,DISABLED,2107,500,2100,DISABLED,DISABLED,900,900,1500,N/A,DISABLED,29,914,1680,N/A,ENABLED,29,914,1680,N/A,ENABLED,29,914,1680,N/A,ENABLED,29,914,1680,N/A,ENABLED,22,711,1400,N/A,ENABLED,22,711,1400,N/A,ENABLED,22,711,1400,N/A,ENABLED,22,711,1400,N/A,ENABLED,N/A,50,49,7,152,N/A,N/A,N/A,N/A,ENABLED,2105,500,2105,DISABLED,DISABLED,2106,500,2105,DISABLED,DISABLED,2099,500,2105,DISABLED,DISABLED,2106,500,2105,DISABLED,DISABLED,2102,500,2105,DISABLED,DISABLED,2104,500,2105,DISABLED,DISABLED,2110,500,2105,DISABLED,DISABLED,2111,500,2105,DISABLED,DISABLED,900,900,1500,N/A,DISABLED,29,914,1680,N/A,ENABLED,29,914,1680,N/A,ENABLED,29,914,1680,N/A,ENABLED,29,914,1680,N/A,ENABLED,22,711,1400,N/A,ENABLED,22,711,1400,N/A,ENABLED,22,711,1400,N/A,ENABLED,22,711,1400,N/A,ENABLED,N/A,44,41
1743961035,0,154,N/A,N/A,N/A,N/A,ENABLED,2102,500,2102,DISABLED,DISABLED,2095,500,2102,DISABLED,DISABLED,2096,500,2102,DISABLED,DISABLED,2107,500,2102,DISABLED,DISABLED,2107,500,2102,DISABLED,DISABLED,2102,500,2102,DISABLED,DISABLED,2106,500,2102,DISABLED,DISABLED,2116,500,2102,DISABLED,DISABLED,900,900,1500,N/A,DISABLED,29,914,1680,N/A,ENABLED,29,914,1680,N/A,ENABLED,29,914,1680,N/A,ENABLED,29,914,1680,N/A,ENABLED,22,711,1400,N/A,ENABLED,22,711,1400,N/A,ENABLED,22,711,1400,N/A,ENABLED,22,711,1400,N/A,ENABLED,N/A,48,47,1,149,N/A,N/A,N/A,N/A,ENABLED,2105,500,2105,DISABLED,DISABLED,2109,500,2105,DISABLED,DISABLED,2109,500,2105,DISABLED,DISABLED,2105,500,2105,DISABLED,DISABLED,2103,500,2105,DISABLED,DISABLED,2107,500,2105,DISABLED,DISABLED,2101,500,2105,DISABLED,DISABLED,2112,500,2105,DISABLED,DISABLED,900,900,1500,N/A,DISABLED,29,914,1680,N/A,ENABLED,29,914,1680,N/A,ENABLED,29,914,1680,N/A,ENABLED,29,914,1680,N/A,ENABLED,22,711,1400,N/A,ENABLED,22,711,1400,N/A,ENABLED,22,711,1400,N/A,ENABLED,22,711,1400,N/A,ENABLED,N/A,40,39,2,152,N/A,N/A,N/A,N/A,ENABLED,2110,500,2110,DISABLED,DISABLED,2106,500,2110,DISABLED,DISABLED,2103,500,2110,DISABLED,DISABLED,2104,500,2110,DISABLED,DISABLED,2104,500,2110,DISABLED,DISABLED,2100,500,2110,DISABLED,DISABLED,2111,500,2110,DISABLED,DISABLED,2115,500,2110,DISABLED,DISABLED,900,900,1500,N/A,DISABLED,29,914,1680,N/A,ENABLED,29,914,1680,N/A,ENABLED,29,914,1680,N/A,ENABLED,29,914,1680,N/A,ENABLED,22,711,1400,N/A,ENABLED,22,711,1400,N/A,ENABLED,22,711,1400,N/A,ENABLED,22,711,1400,N/A,ENABLED,N/A,41,41,3,164,N/A,N/A,N/A,N/A,ENABLED,2109,500,2109,DISABLED,DISABLED,2110,500,2109,DISABLED,DISABLED,2100,500,2109,DISABLED,DISABLED,2110,500,2109,DISABLED,DISABLED,2099,500,2109,DISABLED,DISABLED,2104,500,2109,DISABLED,DISABLED,2109,500,2109,DISABLED,DISABLED,2108,500,2109,DISABLED,DISABLED,900,900,1500,N/A,DISABLED,29,914,1680,N/A,ENABLED,29,914,1680,N/A,ENABLED,29,914,1680,N/A,ENABLED,29,914,1680,N/A,ENABLED,22,711,1400,N/A,ENABLED,22,711,1400,N/A,ENABLED,22,711,1400,N/A,ENABLED,22,711,1400,N/A,ENABLED,N/A,51,49,4,166,N/A,N/A,N/A,N/A,ENABLED,2103,500,2103,DISABLED,DISABLED,2105,500,2103,DISABLED,DISABLED,2100,500,2103,DISABLED,DISABLED,2099,500,2103,DISABLED,DISABLED,2106,500,2103,DISABLED,DISABLED,2107,500,2103,DISABLED,DISABLED,2106,500,2103,DISABLED,DISABLED,2107,500,2103,DISABLED,DISABLED,900,900,1500,N/A,DISABLED,29,914,1680,N/A,ENABLED,29,914,1680,N/A,ENABLED,29,914,1680,N/A,ENABLED,29,914,1680,N/A,ENABLED,22,711,1400,N/A,ENABLED,22,711,1400,N/A,ENABLED,22,711,1400,N/A,ENABLED,22,711,1400,N/A,ENABLED,N/A,50,48,5,152,N/A,N/A,N/A,N/A,ENABLED,2104,500,2104,DISABLED,DISABLED,2108,500,2104,DISABLED,DISABLED,2100,500,2104,DISABLED,DISABLED,2104,500,2104,DISABLED,DISABLED,2113,500,2104,DISABLED,DISABLED,2108,500,2104,DISABLED,DISABLED,2110,500,2104,DISABLED,DISABLED,2110,500,2104,DISABLED,DISABLED,900,900,1500,N/A,DISABLED,29,914,1680,N/A,ENABLED,29,914,1680,N/A,ENABLED,29,914,1680,N/A,ENABLED,29,914,1680,N/A,ENABLED,22,711,1400,N/A,ENABLED,22,711,1400,N/A,ENABLED,22,711,1400,N/A,ENABLED,22,711,1400,N/A,ENABLED,N/A,41,39,6,161,N/A,N/A,N/A,N/A,ENABLED,2099,500,2100,DISABLED,DISABLED,2096,500,2100,DISABLED,DISABLED,2107,500,2100,DISABLED,DISABLED,2105,500,2100,DISABLED,DISABLED,2101,500,2100,DISABLED,DISABLED,2101,500,2100,DISABLED,DISABLED,2102,500,2100,DISABLED,DISABLED,2107,500,2100,DISABLED,DISABLED,900,900,1500,N/A,DISABLED,29,914,1680,N/A,ENABLED,29,914,1680,N/A,ENABLED,29,914,1680,N/A,ENABLED,29,914,1680,N/A,ENABLED,22,711,1400,N/A,ENABLED,22,711,1400,N/A,ENABLED,22,711,1400,N/A,ENABLED,22,711,1400,N/A,ENABLED,N/A,50,49,7,152,N/A,N/A,N/A,N/A,ENABLED,2105,500,2106,DISABLED,DISABLED,2106,500,2106,DISABLED,DISABLED,2099,500,2106,DISABLED,DISABLED,2106,500,2106,DISABLED,DISABLED,2102,500,2106,DISABLED,DISABLED,2104,500,2106,DISABLED,DISABLED,2110,500,2106,DISABLED,DISABLED,2111,500,2106,DISABLED,DISABLED,900,900,1500,N/A,DISABLED,29,914,1680,N/A,ENABLED,29,914,1680,N/A,ENABLED,29,914,1680,N/A,ENABLED,29,914,1680,N/A,ENABLED,22,711,1400,N/A,ENABLED,22,711,1400,N/A,ENABLED,22,711,1400,N/A,ENABLED,22,711,1400,N/A,ENABLED,N/A,44,40
1743961036,0,154,N/A,N/A,N/A,N/A,ENABLED,2101,500,2100,DISABLED,DISABLED,2095,500,2100,DISABLED,DISABLED,2095,500,2100,DISABLED,DISABLED,2107,500,2100,DISABLED,DISABLED,2107,500,2100,DISABLED,DISABLED,2102,500,2100,DISABLED,DISABLED,2107,500,2100,DISABLED,DISABLED,2116,500,2100,DISABLED,DISABLED,900,900,1500,N/A,DISABLED,29,914,1680,N/A,ENABLED,29,914,1680,N/A,ENABLED,29,914,1680,N/A,ENABLED,29,914,1680,N/A,ENABLED,22,711,1400,N/A,ENABLED,22,711,1400,N/A,ENABLED,22,711,1400,N/A,ENABLED,22,711,1400,N/A,ENABLED,N/A,48,47,1,148,N/A,N/A,N/A,N/A,ENABLED,2106,500,2106,DISABLED,DISABLED,2110,500,2106,DISABLED,DISABLED,2109,500,2106,DISABLED,DISABLED,2105,500,2106,DISABLED,DISABLED,2104,500,2106,DISABLED,DISABLED,2107,500,2106,DISABLED,DISABLED,2101,500,2106,DISABLED,DISABLED,2112,500,2106,DISABLED,DISABLED,900,900,1500,N/A,DISABLED,29,914,1680,N/A,ENABLED,29,914,1680,N/A,ENABLED,29,914,1680,N/A,ENABLED,29,914,1680,N/A,ENABLED,22,711,1400,N/A,ENABLED,22,711,1400,N/A,ENABLED,22,711,1400,N/A,ENABLED,22,711,1400,N/A,ENABLED,N/A,40,39,2,152,N/A,N/A,N/A,N/A,ENABLED,2109,500,2109,DISABLED,DISABLED,2107,500,2109,DISABLED,DISABLED,2102,500,2109,DISABLED,DISABLED,2104,500,2109,DISABLED,DISABLED,2103,500,2109,DISABLED,DISABLED,2101,500,2109,DISABLED,DISABLED,2110,500,2109,DISABLED,DISABLED,2115,500,2109,DISABLED,DISABLED,900,900,1500,N/A,DISABLED,29,914,1680,N/A,ENABLED,29,914,1680,N/A,ENABLED,29,914,1680,N/A,ENABLED,29,914,1680,N/A,ENABLED,22,711,1400,N/A,ENABLED,22,711,1400,N/A,ENABLED,22,711,1400,N/A,ENABLED,22,711,1400,N/A,ENABLED,N/A,41,41,3,165,N/A,N/A,N/A,N/A,ENABLED,2109,500,2109,DISABLED,DISABLED,2111,500,2109,DISABLED,DISABLED,2100,500,2109,DISABLED,DISABLED,2110,500,2109,DISABLED,DISABLED,2098,500,2109,DISABLED,DISABLED,2104,500,2109,DISABLED,DISABLED,2109,500,2109,DISABLED,DISABLED,2109,500,2109,DISABLED,DISABLED,900,900,1500,N/A,DISABLED,29,914,1680,N/A,ENABLED,29,914,1680,N/A,ENABLED,29,914,1680,N/A,ENABLED,29,914,1680,N/A,ENABLED,22,711,1400,N/A,ENABLED,22,711,1400,N/A,ENABLED,22,711,1400,N/A,ENABLED,22,711,1400,N/A,ENABLED,N/A,51,49,4,166,N/A,N/A,N/A,N/A,ENABLED,2103,500,2103,DISABLED,DISABLED,2105,500,2103,DISABLED,DISABLED,2100,500,2103,DISABLED,DISABLED,2099,500,2103,DISABLED,DISABLED,2106,500,2103,DISABLED,DISABLED,2107,500,2103,DISABLED,DISABLED,2106,500,2103,DISABLED,DISABLED,2107,500,2103,DISABLED,DISABLED,900,900,1500,N/A,DISABLED,29,914,1680,N/A,ENABLED,29,914,1680,N/A,ENABLED,29,914,1680,N/A,ENABLED,29,914,1680,N/A,ENABLED,22,711,1400,N/A,ENABLED,22,711,1400,N/A,ENABLED,22,711,1400,N/A,ENABLED,22,711,1400,N/A,ENABLED,N/A,50,48,5,152,N/A,N/A,N/A,N/A,ENABLED,2104,500,2104,DISABLED,DISABLED,2109,500,2104,DISABLED,DISABLED,2099,500,2104,DISABLED,DISABLED,2104,500,2104,DISABLED,DISABLED,2112,500,2104,DISABLED,DISABLED,2108,500,2104,DISABLED,DISABLED,2111,500,2104,DISABLED,DISABLED,2110,500,2104,DISABLED,DISABLED,900,900,1500,N/A,DISABLED,29,914,1680,N/A,ENABLED,29,914,1680,N/A,ENABLED,29,914,1680,N/A,ENABLED,29,914,1680,N/A,ENABLED,22,711,1400,N/A,ENABLED,22,711,1400,N/A,ENABLED,22,711,1400,N/A,ENABLED,22,711,1400,N/A,ENABLED,N/A,41,39,6,162,N/A,N/A,N/A,N/A,ENABLED,2100,500,2100,DISABLED,DISABLED,2096,500,2100,DISABLED,DISABLED,2107,500,2100,DISABLED,DISABLED,2106,500,2100,DISABLED,DISABLED,2102,500,2100,DISABLED,DISABLED,2101,500,2100,DISABLED,DISABLED,2102,500,2100,DISABLED,DISABLED,2106,500,2100,DISABLED,DISABLED,900,900,1500,N/A,DISABLED,29,914,1680,N/A,ENABLED,29,914,1680,N/A,ENABLED,29,914,1680,N/A,ENABLED,29,914,1680,N/A,ENABLED,22,711,1400,N/A,ENABLED,22,711,1400,N/A,ENABLED,22,711,1400,N/A,ENABLED,22,711,1400,N/A,ENABLED,N/A,50,49,7,152,N/A,N/A,N/A,N/A,ENABLED,2106,500,2106,DISABLED,DISABLED,2105,500,2106,DISABLED,DISABLED,2099,500,2106,DISABLED,DISABLED,2106,500,2106,DISABLED,DISABLED,2102,500,2106,DISABLED,DISABLED,2104,500,2106,DISABLED,DISABLED,2110,500,2106,DISABLED,DISABLED,2111,500,2106,DISABLED,DISABLED,900,900,1500,N/A,DISABLED,29,914,1680,N/A,ENABLED,29,914,1680,N/A,ENABLED,29,914,1680,N/A,ENABLED,29,914,1680,N/A,ENABLED,22,711,1400,N/A,ENABLED,22,711,1400,N/A,ENABLED,22,711,1400,N/A,ENABLED,22,711,1400,N/A,ENABLED,N/A,44,41
1743961037,0,154,N/A,N/A,N/A,N/A,ENABLED,2101,500,2100,DISABLED,DISABLED,2095,500,2100,DISABLED,DISABLED,2095,500,2100,DISABLED,DISABLED,2107,500,2100,DISABLED,DISABLED,2107,500,2100,DISABLED,DISABLED,2102,500,2100,DISABLED,DISABLED,2107,500,2100,DISABLED,DISABLED,2116,500,2100,DISABLED,DISABLED,900,900,1500,N/A,DISABLED,29,914,1680,N/A,ENABLED,29,914,1680,N/A,ENABLED,29,914,1680,N/A,ENABLED,29,914,1680,N/A,ENABLED,22,711,1400,N/A,ENABLED,22,711,1400,N/A,ENABLED,22,711,1400,N/A,ENABLED,22,711,1400,N/A,ENABLED,N/A,48,47,1,149,N/A,N/A,N/A,N/A,ENABLED,2105,500,2105,DISABLED,DISABLED,2110,500,2105,DISABLED,DISABLED,2109,500,2105,DISABLED,DISABLED,2105,500,2105,DISABLED,DISABLED,2103,500,2105,DISABLED,DISABLED,2108,500,2105,DISABLED,DISABLED,2101,500,2105,DISABLED,DISABLED,2112,500,2105,DISABLED,DISABLED,900,900,1500,N/A,DISABLED,29,914,1680,N/A,ENABLED,29,914,1680,N/A,ENABLED,29,914,1680,N/A,ENABLED,29,914,1680,N/A,ENABLED,22,711,1400,N/A,ENABLED,22,711,1400,N/A,ENABLED,22,711,1400,N/A,ENABLED,22,711,1400,N/A,ENABLED,N/A,40,39,2,151,N/A,N/A,N/A,N/A,ENABLED,2110,500,2110,DISABLED,DISABLED,2106,500,2110,DISABLED,DISABLED,2103,500,2110,DISABLED,DISABLED,2104,500,2110,DISABLED,DISABLED,2103,500,2110,DISABLED,DISABLED,2101,500,2110,DISABLED,DISABLED,2111,500,2110,DISABLED,DISABLED,2115,500,2110,DISABLED,DISABLED,900,900,1500,N/A,DISABLED,29,914,1680,N/A,ENABLED,29,914,1680,N/A,ENABLED,29,914,1680,N/A,ENABLED,29,914,1680,N/A,ENABLED,22,711,1400,N/A,ENABLED,22,711,1400,N/A,ENABLED,22,711,1400,N/A,ENABLED,22,711,1400,N/A,ENABLED,N/A,41,41,3,165,N/A,N/A,N/A,N/A,ENABLED,2109,500,2109,DISABLED,DISABLED,2110,500,2109,DISABLED,DISABLED,2100,500,2109,DISABLED,DISABLED,2110,500,2109,DISABLED,DISABLED,2098,500,2109,DISABLED,DISABLED,2104,500,2109,DISABLED,DISABLED,2109,500,2109,DISABLED,DISABLED,2109,500,2109,DISABLED,DISABLED,900,900,1500,N/A,DISABLED,29,914,1680,N/A,ENABLED,29,914,1680,N/A,ENABLED,29,914,1680,N/A,ENABLED,29,914,1680,N/A,ENABLED,22,711,1400,N/A,ENABLED,22,711,1400,N/A,ENABLED,22,711,1400,N/A,ENABLED,22,711,1400,N/A,ENABLED,N/A,51,49,4,166,N/A,N/A,N/A,N/A,ENABLED,2103,500,2103,DISABLED,DISABLED,2105,500,2103,DISABLED,DISABLED,2100,500,2103,DISABLED,DISABLED,2099,500,2103,DISABLED,DISABLED,2106,500,2103,DISABLED,DISABLED,2107,500,2103,DISABLED,DISABLED,2106,500,2103,DISABLED,DISABLED,2107,500,2103,DISABLED,DISABLED,900,900,1500,N/A,DISABLED,29,914,1680,N/A,ENABLED,29,914,1680,N/A,ENABLED,29,914,1680,N/A,ENABLED,29,914,1680,N/A,ENABLED,22,711,1400,N/A,ENABLED,22,711,1400,N/A,ENABLED,22,711,1400,N/A,ENABLED,22,711,1400,N/A,ENABLED,N/A,50,48,5,152,N/A,N/A,N/A,N/A,ENABLED,2104,500,2104,DISABLED,DISABLED,2108,500,2104,DISABLED,DISABLED,2100,500,2104,DISABLED,DISABLED,2104,500,2104,DISABLED,DISABLED,2113,500,2104,DISABLED,DISABLED,2108,500,2104,DISABLED,DISABLED,2110,500,2104,DISABLED,DISABLED,2110,500,2104,DISABLED,DISABLED,900,900,1500,N/A,DISABLED,29,914,1680,N/A,ENABLED,29,914,1680,N/A,ENABLED,29,914,1680,N/A,ENABLED,29,914,1680,N/A,ENABLED,22,711,1400,N/A,ENABLED,22,711,1400,N/A,ENABLED,22,711,1400,N/A,ENABLED,22,711,1400,N/A,ENABLED,N/A,41,38,6,161,N/A,N/A,N/A,N/A,ENABLED,2100,500,2100,DISABLED,DISABLED,2097,500,2100,DISABLED,DISABLED,2107,500,2100,DISABLED,DISABLED,2106,500,2100,DISABLED,DISABLED,2101,500,2100,DISABLED,DISABLED,2101,500,2100,DISABLED,DISABLED,2102,500,2100,DISABLED,DISABLED,2107,500,2100,DISABLED,DISABLED,900,900,1500,N/A,DISABLED,29,914,1680,N/A,ENABLED,29,914,1680,N/A,ENABLED,29,914,1680,N/A,ENABLED,29,914,1680,N/A,ENABLED,22,711,1400,N/A,ENABLED,22,711,1400,N/A,ENABLED,22,711,1400,N/A,ENABLED,22,711,1400,N/A,ENABLED,N/A,50,49,7,152,N/A,N/A,N/A,N/A,ENABLED,2106,500,2106,DISABLED,DISABLED,2105,500,2106,DISABLED,DISABLED,2099,500,2106,DISABLED,DISABLED,2106,500,2106,DISABLED,DISABLED,2103,500,2106,DISABLED,DISABLED,2104,500,2106,DISABLED,DISABLED,2110,500,2106,DISABLED,DISABLED,2111,500,2106,DISABLED,DISABLED,900,900,1500,N/A,DISABLED,29,914,1680,N/A,ENABLED,29,914,1680,N/A,ENABLED,29,914,1680,N/A,ENABLED,29,914,1680,N/A,ENABLED,22,711,1400,N/A,ENABLED,22,711,1400,N/A,ENABLED,22,711,1400,N/A,ENABLED,22,711,1400,N/A,ENABLED,N/A,44,40
1743961039,0,373,N/A,N/A,N/A,N/A,ENABLED,2092,500,2100,DISABLED,DISABLED,2085,500,2100,DISABLED,DISABLED,2088,500,2100,DISABLED,DISABLED,2100,500,2100,DISABLED,DISABLED,2098,500,2100,DISABLED,DISABLED,2091,500,2100,DISABLED,DISABLED,2099,500,2100,DISABLED,DISABLED,2106,500,2100,DISABLED,DISABLED,1496,900,1500,N/A,DISABLED,52,914,1680,N/A,ENABLED,52,914,1680,N/A,ENABLED,52,914,1680,N/A,ENABLED,52,914,1680,N/A,ENABLED,44,711,1400,N/A,ENABLED,44,711,1400,N/A,ENABLED,44,711,1400,N/A,ENABLED,44,711,1400,N/A,ENABLED,N/A,50,49,1,362,N/A,N/A,N/A,N/A,ENABLED,2097,500,2100,DISABLED,DISABLED,2100,500,2100,DISABLED,DISABLED,2101,500,2100,DISABLED,DISABLED,2096,500,2100,DISABLED,DISABLED,2093,500,2100,DISABLED,DISABLED,2098,500,2100,DISABLED,DISABLED,2093,500,2100,DISABLED,DISABLED,2101,500,2100,DISABLED,DISABLED,1496,900,1500,N/A,DISABLED,52,914,1680,N/A,ENABLED,52,914,1680,N/A,ENABLED,52,914,1680,N/A,ENABLED,52,914,1680,N/A,ENABLED,44,711,1400,N/A,ENABLED,44,711,1400,N/A,ENABLED,44,711,1400,N/A,ENABLED,44,711,1400,N/A,ENABLED,N/A,43,42,2,366,N/A,N/A,N/A,N/A,ENABLED,2099,500,2100,DISABLED,DISABLED,2095,500,2100,DISABLED,DISABLED,2095,500,2100,DISABLED,DISABLED,2095,500,2100,DISABLED,DISABLED,2093,500,2100,DISABLED,DISABLED,2088,500,2100,DISABLED,DISABLED,2102,500,2100,DISABLED,DISABLED,2105,500,2100,DISABLED,DISABLED,1496,900,1500,N/A,DISABLED,52,914,1680,N/A,ENABLED,52,914,1680,N/A,ENABLED,52,914,1680,N/A,ENABLED,52,914,1680,N/A,ENABLED,44,711,1400,N/A,ENABLED,44,711,1400,N/A,ENABLED,44,711,1400,N/A,ENABLED,44,711,1400,N/A,ENABLED,N/A,44,44,3,387,N/A,N/A,N/A,N/A,ENABLED,2099,500,2100,DISABLED,DISABLED,2101,500,2100,DISABLED,DISABLED,2093,500,2100,DISABLED,DISABLED,2103,500,2100,DISABLED,DISABLED,2090,500,2100,DISABLED,DISABLED,2093,500,2100,DISABLED,DISABLED,2097,500,2100,DISABLED,DISABLED,2097,500,2100,DISABLED,DISABLED,1496,900,1500,N/A,DISABLED,52,914,1680,N/A,ENABLED,52,914,1680,N/A,ENABLED,52,914,1680,N/A,ENABLED,52,914,1680,N/A,ENABLED,44,711,1400,N/A,ENABLED,44,711,1400,N/A,ENABLED,44,711,1400,N/A,ENABLED,44,711,1400,N/A,ENABLED,N/A,53,51,4,381,N/A,N/A,N/A,N/A,ENABLED,2094,500,2100,DISABLED,DISABLED,2095,500,2100,DISABLED,DISABLED,2097,500,2100,DISABLED,DISABLED,2094,500,2100,DISABLED,DISABLED,2097,500,2100,DISABLED,DISABLED,2098,500,2100,DISABLED,DISABLED,2098,500,2100,DISABLED,DISABLED,2097,500,2100,DISABLED,DISABLED,1497,900,1500,N/A,DISABLED,52,914,1680,N/A,ENABLED,52,914,1680,N/A,ENABLED,52,914,1680,N/A,ENABLED,52,914,1680,N/A,ENABLED,44,711,1400,N/A,ENABLED,44,711,1400,N/A,ENABLED,44,711,1400,N/A,ENABLED,44,711,1400,N/A,ENABLED,N/A,53,51,5,371,N/A,N/A,N/A,N/A,ENABLED,2094,500,2100,DISABLED,DISABLED,2098,500,2100,DISABLED,DISABLED,2091,500,2100,DISABLED,DISABLED,2094,500,2100,DISABLED,DISABLED,2103,500,2100,DISABLED,DISABLED,2096,500,2100,DISABLED,DISABLED,2101,500,2100,DISABLED,DISABLED,2099,500,2100,DISABLED,DISABLED,1497,900,1500,N/A,DISABLED,52,914,1680,N/A,ENABLED,52,914,1680,N/A,ENABLED,52,914,1680,N/A,ENABLED,52,914,1680,N/A,ENABLED,44,711,1400,N/A,ENABLED,44,711,1400,N/A,ENABLED,44,711,1400,N/A,ENABLED,44,711,1400,N/A,ENABLED,N/A,43,41,6,384,N/A,N/A,N/A,N/A,ENABLED,2089,500,2100,DISABLED,DISABLED,2086,500,2100,DISABLED,DISABLED,2100,500,2100,DISABLED,DISABLED,2098,500,2100,DISABLED,DISABLED,2092,500,2100,DISABLED,DISABLED,2090,500,2100,DISABLED,DISABLED,2091,500,2100,DISABLED,DISABLED,2095,500,2100,DISABLED,DISABLED,1497,900,1500,N/A,DISABLED,52,914,1680,N/A,ENABLED,52,914,1680,N/A,ENABLED,52,914,1680,N/A,ENABLED,52,914,1680,N/A,ENABLED,44,711,1400,N/A,ENABLED,44,711,1400,N/A,ENABLED,44,711,1400,N/A,ENABLED,44,711,1400,N/A,ENABLED,N/A,53,52,7,371,N/A,N/A,N/A,N/A,ENABLED,2095,500,2100,DISABLED,DISABLED,2095,500,2100,DISABLED,DISABLED,2091,500,2100,DISABLED,DISABLED,2097,500,2100,DISABLED,DISABLED,2093,500,2100,DISABLED,DISABLED,2092,500,2100,DISABLED,DISABLED,2102,500,2100,DISABLED,DISABLED,2100,500,2100,DISABLED,DISABLED,1497,900,1500,N/A,DISABLED,52,914,1680,N/A,ENABLED,52,914,1680,N/A,ENABLED,52,914,1680,N/A,ENABLED,52,914,1680,N/A,ENABLED,44,711,1400,N/A,ENABLED,44,711,1400,N/A,ENABLED,44,711,1400,N/A,ENABLED,44,711,1400,N/A,ENABLED,N/A,47,43
1743961040,0,257,N/A,N/A,N/A,N/A,ENABLED,2095,500,2100,DISABLED,DISABLED,2089,500,2100,DISABLED,DISABLED,2092,500,2100,DISABLED,DISABLED,2103,500,2100,DISABLED,DISABLED,2102,500,2100,DISABLED,DISABLED,2096,500,2100,DISABLED,DISABLED,2102,500,2100,DISABLED,DISABLED,2110,500,2100,DISABLED,DISABLED,1063,900,1500,N/A,DISABLED,35,914,1680,N/A,ENABLED,35,914,1680,N/A,ENABLED,35,914,1680,N/A,ENABLED,35,914,1680,N/A,ENABLED,28,711,1400,N/A,ENABLED,28,711,1400,N/A,ENABLED,28,711,1400,N/A,ENABLED,28,711,1400,N/A,ENABLED,N/A,54,48,1,258,N/A,N/A,N/A,N/A,ENABLED,2099,500,2100,DISABLED,DISABLED,2102,500,2100,DISABLED,DISABLED,2103,500,2100,DISABLED,DISABLED,2097,500,2100,DISABLED,DISABLED,2097,500,2100,DISABLED,DISABLED,2101,500,2100,DISABLED,DISABLED,2096,500,2100,DISABLED,DISABLED,2105,500,2100,DISABLED,DISABLED,1084,900,1500,N/A,DISABLED,36,914,1680,N/A,ENABLED,36,914,1680,N/A,ENABLED,36,914,1680,N/A,ENABLED,36,914,1680,N/A,ENABLED,29,711,1400,N/A,ENABLED,29,711,1400,N/A,ENABLED,29,711,1400,N/A,ENABLED,29,711,1400,N/A,ENABLED,N/A,47,41,2,267,N/A,N/A,N/A,N/A,ENABLED,2097,500,2100,DISABLED,DISABLED,2093,500,2100,DISABLED,DISABLED,2091,500,2100,DISABLED,DISABLED,2092,500,2100,DISABLED,DISABLED,2090,500,2100,DISABLED,DISABLED,2086,500,2100,DISABLED,DISABLED,2099,500,2100,DISABLED,DISABLED,2103,500,2100,DISABLED,DISABLED,1101,900,1500,N/A,DISABLED,37,914,1680,N/A,ENABLED,37,914,1680,N/A,ENABLED,37,914,1680,N/A,ENABLED,37,914,1680,N/A,ENABLED,29,711,1400,N/A,ENABLED,29,711,1400,N/A,ENABLED,29,711,1400,N/A,ENABLED,29,711,1400,N/A,ENABLED,N/A,48,43,3,292,N/A,N/A,N/A,N/A,ENABLED,2091,500,2100,DISABLED,DISABLED,2092,500,2100,DISABLED,DISABLED,2084,500,2100,DISABLED,DISABLED,2094,500,2100,DISABLED,DISABLED,2081,500,2100,DISABLED,DISABLED,2086,500,2100,DISABLED,DISABLED,2091,500,2100,DISABLED,DISABLED,2091,500,2100,DISABLED,DISABLED,1122,900,1500,N/A,DISABLED,37,914,1680,N/A,ENABLED,37,914,1680,N/A,ENABLED,37,914,1680,N/A,ENABLED,37,914,1680,N/A,ENABLED,30,711,1400,N/A,ENABLED,30,711,1400,N/A,ENABLED,30,711,1400,N/A,ENABLED,30,711,1400,N/A,ENABLED,N/A,57,51,4,298,N/A,N/A,N/A,N/A,ENABLED,2096,500,2100,DISABLED,DISABLED,2098,500,2100,DISABLED,DISABLED,2096,500,2100,DISABLED,DISABLED,2094,500,2100,DISABLED,DISABLED,2099,500,2100,DISABLED,DISABLED,2100,500,2100,DISABLED,DISABLED,2099,500,2100,DISABLED,DISABLED,2097,500,2100,DISABLED,DISABLED,1140,900,1500,N/A,DISABLED,38,914,1680,N/A,ENABLED,38,914,1680,N/A,ENABLED,38,914,1680,N/A,ENABLED,38,914,1680,N/A,ENABLED,31,711,1400,N/A,ENABLED,31,711,1400,N/A,ENABLED,31,711,1400,N/A,ENABLED,31,711,1400,N/A,ENABLED,N/A,56,50,5,290,N/A,N/A,N/A,N/A,ENABLED,2092,500,2100,DISABLED,DISABLED,2097,500,2100,DISABLED,DISABLED,2089,500,2100,DISABLED,DISABLED,2093,500,2100,DISABLED,DISABLED,2103,500,2100,DISABLED,DISABLED,2096,500,2100,DISABLED,DISABLED,2099,500,2100,DISABLED,DISABLED,2098,500,2100,DISABLED,DISABLED,1155,900,1500,N/A,DISABLED,39,914,1680,N/A,ENABLED,39,914,1680,N/A,ENABLED,39,914,1680,N/A,ENABLED,39,914,1680,N/A,ENABLED,31,711,1400,N/A,ENABLED,31,711,1400,N/A,ENABLED,31,711,1400,N/A,ENABLED,31,711,1400,N/A,ENABLED,N/A,46,40,6,310,N/A,N/A,N/A,N/A,ENABLED,2084,500,2100,DISABLED,DISABLED,2080,500,2100,DISABLED,DISABLED,2094,500,2100,DISABLED,DISABLED,2092,500,2100,DISABLED,DISABLED,2086,500,2100,DISABLED,DISABLED,2085,500,2100,DISABLED,DISABLED,2086,500,2100,DISABLED,DISABLED,2090,500,2100,DISABLED,DISABLED,1168,900,1500,N/A,DISABLED,39,914,1680,N/A,ENABLED,39,914,1680,N/A,ENABLED,39,914,1680,N/A,ENABLED,39,914,1680,N/A,ENABLED,32,711,1400,N/A,ENABLED,32,711,1400,N/A,ENABLED,32,711,1400,N/A,ENABLED,32,711,1400,N/A,ENABLED,N/A,57,51,7,303,N/A,N/A,N/A,N/A,ENABLED,2090,500,2100,DISABLED,DISABLED,2090,500,2100,DISABLED,DISABLED,2087,500,2100,DISABLED,DISABLED,2092,500,2100,DISABLED,DISABLED,2087,500,2100,DISABLED,DISABLED,2087,500,2100,DISABLED,DISABLED,2094,500,2100,DISABLED,DISABLED,2094,500,2100,DISABLED,DISABLED,1185,900,1500,N/A,DISABLED,40,914,1680,N/A,ENABLED,40,914,1680,N/A,ENABLED,40,914,1680,N/A,ENABLED,40,914,1680,N/A,ENABLED,32,711,1400,N/A,ENABLED,32,711,1400,N/A,ENABLED,32,711,1400,N/A,ENABLED,32,711,1400,N/A,ENABLED,N/A,51,42
1743961041,0,795,N/A,N/A,N/A,N/A,ENABLED,2057,500,2100,DISABLED,DISABLED,2045,500,2100,DISABLED,DISABLED,2060,500,2100,DISABLED,DISABLED,2062,500,2100,DISABLED,DISABLED,2067,500,2100,DISABLED,DISABLED,2052,500,2100,DISABLED,DISABLED,2065,500,2100,DISABLED,DISABLED,2062,500,2100,DISABLED,DISABLED,1500,900,1500,N/A,DISABLED,53,914,1680,N/A,ENABLED,53,914,1680,N/A,ENABLED,53,914,1680,N/A,ENABLED,53,914,1680,N/A,ENABLED,44,711,1400,N/A,ENABLED,44,711,1400,N/A,ENABLED,44,711,1400,N/A,ENABLED,44,711,1400,N/A,ENABLED,N/A,57,61,1,771,N/A,N/A,N/A,N/A,ENABLED,2074,500,2100,DISABLED,DISABLED,2073,500,2100,DISABLED,DISABLED,2080,500,2100,DISABLED,DISABLED,2066,500,2100,DISABLED,DISABLED,2069,500,2100,DISABLED,DISABLED,2071,500,2100,DISABLED,DISABLED,2070,500,2100,DISABLED,DISABLED,2068,500,2100,DISABLED,DISABLED,1500,900,1500,N/A,DISABLED,53,914,1680,N/A,ENABLED,53,914,1680,N/A,ENABLED,53,914,1680,N/A,ENABLED,53,914,1680,N/A,ENABLED,44,711,1400,N/A,ENABLED,44,711,1400,N/A,ENABLED,44,711,1400,N/A,ENABLED,44,711,1400,N/A,ENABLED,N/A,50,53,2,770,N/A,N/A,N/A,N/A,ENABLED,2064,500,2100,DISABLED,DISABLED,2055,500,2100,DISABLED,DISABLED,2062,500,2100,DISABLED,DISABLED,2051,500,2100,DISABLED,DISABLED,2058,500,2100,DISABLED,DISABLED,2045,500,2100,DISABLED,DISABLED,2067,500,2100,DISABLED,DISABLED,2064,500,2100,DISABLED,DISABLED,1500,900,1500,N/A,DISABLED,53,914,1680,N/A,ENABLED,53,914,1680,N/A,ENABLED,53,914,1680,N/A,ENABLED,53,914,1680,N/A,ENABLED,44,711,1400,N/A,ENABLED,44,711,1400,N/A,ENABLED,44,711,1400,N/A,ENABLED,44,711,1400,N/A,ENABLED,N/A,51,55,3,804,N/A,N/A,N/A,N/A,ENABLED,2047,500,2100,DISABLED,DISABLED,2044,500,2100,DISABLED,DISABLED,2045,500,2100,DISABLED,DISABLED,2043,500,2100,DISABLED,DISABLED,2038,500,2100,DISABLED,DISABLED,2035,500,2100,DISABLED,DISABLED,2044,500,2100,DISABLED,DISABLED,2038,500,2100,DISABLED,DISABLED,1500,900,1500,N/A,DISABLED,53,914,1680,N/A,ENABLED,53,914,1680,N/A,ENABLED,53,914,1680,N/A,ENABLED,53,914,1680,N/A,ENABLED,44,711,1400,N/A,ENABLED,44,711,1400,N/A,ENABLED,44,711,1400,N/A,ENABLED,44,711,1400,N/A,ENABLED,N/A,60,62,4,785,N/A,N/A,N/A,N/A,ENABLED,2071,500,2100,DISABLED,DISABLED,2066,500,2100,DISABLED,DISABLED,2074,500,2100,DISABLED,DISABLED,2063,500,2100,DISABLED,DISABLED,2072,500,2100,DISABLED,DISABLED,2069,500,2100,DISABLED,DISABLED,2070,500,2100,DISABLED,DISABLED,2061,500,2100,DISABLED,DISABLED,1500,900,1500,N/A,DISABLED,53,914,1680,N/A,ENABLED,53,914,1680,N/A,ENABLED,53,914,1680,N/A,ENABLED,53,914,1680,N/A,ENABLED,44,711,1400,N/A,ENABLED,44,711,1400,N/A,ENABLED,44,711,1400,N/A,ENABLED,44,711,1400,N/A,ENABLED,N/A,59,62,5,787,N/A,N/A,N/A,N/A,ENABLED,2072,500,2100,DISABLED,DISABLED,2069,500,2100,DISABLED,DISABLED,2069,500,2100,DISABLED,DISABLED,2066,500,2100,DISABLED,DISABLED,2081,500,2100,DISABLED,DISABLED,2068,500,2100,DISABLED,DISABLED,2080,500,2100,DISABLED,DISABLED,2070,500,2100,DISABLED,DISABLED,1500,900,1500,N/A,DISABLED,53,914,1680,N/A,ENABLED,53,914,1680,N/A,ENABLED,53,914,1680,N/A,ENABLED,53,914,1680,N/A,ENABLED,44,711,1400,N/A,ENABLED,44,711,1400,N/A,ENABLED,44,711,1400,N/A,ENABLED,44,711,1400,N/A,ENABLED,N/A,50,53,6,807,N/A,N/A,N/A,N/A,ENABLED,2044,500,2100,DISABLED,DISABLED,2035,500,2100,DISABLED,DISABLED,2059,500,2100,DISABLED,DISABLED,2049,500,2100,DISABLED,DISABLED,2050,500,2100,DISABLED,DISABLED,2038,500,2100,DISABLED,DISABLED,2049,500,2100,DISABLED,DISABLED,2047,500,2100,DISABLED,DISABLED,1500,900,1500,N/A,DISABLED,53,914,1680,N/A,ENABLED,53,914,1680,N/A,ENABLED,53,914,1680,N/A,ENABLED,53,914,1680,N/A,ENABLED,44,711,1400,N/A,ENABLED,44,711,1400,N/A,ENABLED,44,711,1400,N/A,ENABLED,44,711,1400,N/A,ENABLED,N/A,60,63,7,787,N/A,N/A,N/A,N/A,ENABLED,2064,500,2100,DISABLED,DISABLED,2060,500,2100,DISABLED,DISABLED,2069,500,2100,DISABLED,DISABLED,2066,500,2100,DISABLED,DISABLED,2064,500,2100,DISABLED,DISABLED,2054,500,2100,DISABLED,DISABLED,2073,500,2100,DISABLED,DISABLED,2064,500,2100,DISABLED,DISABLED,1500,900,1500,N/A,DISABLED,53,914,1680,N/A,ENABLED,53,914,1680,N/A,ENABLED,53,914,1680,N/A,ENABLED,53,914,1680,N/A,ENABLED,44,711,1400,N/A,ENABLED,44,711,1400,N/A,ENABLED,44,711,1400,N/A,ENABLED,44,711,1400,N/A,ENABLED,N/A,54,55
1743961042,0,797,N/A,N/A,N/A,N/A,ENABLED,2057,500,2100,DISABLED,DISABLED,2043,500,2100,DISABLED,DISABLED,2059,500,2100,DISABLED,DISABLED,2061,500,2100,DISABLED,DISABLED,2066,500,2100,DISABLED,DISABLED,2052,500,2100,DISABLED,DISABLED,2064,500,2100,DISABLED,DISABLED,2061,500,2100,DISABLED,DISABLED,1500,900,1500,N/A,DISABLED,53,914,1680,N/A,ENABLED,53,914,1680,N/A,ENABLED,53,914,1680,N/A,ENABLED,53,914,1680,N/A,ENABLED,44,711,1400,N/A,ENABLED,44,711,1400,N/A,ENABLED,44,711,1400,N/A,ENABLED,44,711,1400,N/A,ENABLED,N/A,59,62,1,771,N/A,N/A,N/A,N/A,ENABLED,2074,500,2100,DISABLED,DISABLED,2072,500,2100,DISABLED,DISABLED,2079,500,2100,DISABLED,DISABLED,2065,500,2100,DISABLED,DISABLED,2068,500,2100,DISABLED,DISABLED,2069,500,2100,DISABLED,DISABLED,2068,500,2100,DISABLED,DISABLED,2066,500,2100,DISABLED,DISABLED,1500,900,1500,N/A,DISABLED,53,914,1680,N/A,ENABLED,53,914,1680,N/A,ENABLED,53,914,1680,N/A,ENABLED,53,914,1680,N/A,ENABLED,44,711,1400,N/A,ENABLED,44,711,1400,N/A,ENABLED,44,711,1400,N/A,ENABLED,44,711,1400,N/A,ENABLED,N/A,52,54,2,780,N/A,N/A,N/A,N/A,ENABLED,2058,500,2100,DISABLED,DISABLED,2051,500,2100,DISABLED,DISABLED,2059,500,2100,DISABLED,DISABLED,2047,500,2100,DISABLED,DISABLED,2054,500,2100,DISABLED,DISABLED,2041,500,2100,DISABLED,DISABLED,2063,500,2100,DISABLED,DISABLED,2060,500,2100,DISABLED,DISABLED,1500,900,1500,N/A,DISABLED,53,914,1680,N/A,ENABLED,53,914,1680,N/A,ENABLED,53,914,1680,N/A,ENABLED,53,914,1680,N/A,ENABLED,44,711,1400,N/A,ENABLED,44,711,1400,N/A,ENABLED,44,711,1400,N/A,ENABLED,44,711,1400,N/A,ENABLED,N/A,52,56,3,807,N/A,N/A,N/A,N/A,ENABLED,2042,500,2100,DISABLED,DISABLED,2039,500,2100,DISABLED,DISABLED,2040,500,2100,DISABLED,DISABLED,2038,500,2100,DISABLED,DISABLED,2034,500,2100,DISABLED,DISABLED,2030,500,2100,DISABLED,DISABLED,2040,500,2100,DISABLED,DISABLED,2033,500,2100,DISABLED,DISABLED,1500,900,1500,N/A,DISABLED,53,914,1680,N/A,ENABLED,53,914,1680,N/A,ENABLED,53,914,1680,N/A,ENABLED,53,914,1680,N/A,ENABLED,44,711,1400,N/A,ENABLED,44,711,1400,N/A,ENABLED,44,711,1400,N/A,ENABLED,44,711,1400,N/A,ENABLED,N/A,62,64,4,794,N/A,N/A,N/A,N/A,ENABLED,2071,500,2100,DISABLED,DISABLED,2065,500,2100,DISABLED,DISABLED,2073,500,2100,DISABLED,DISABLED,2062,500,2100,DISABLED,DISABLED,2071,500,2100,DISABLED,DISABLED,2068,500,2100,DISABLED,DISABLED,2068,500,2100,DISABLED,DISABLED,2059,500,2100,DISABLED,DISABLED,1500,900,1500,N/A,DISABLED,53,914,1680,N/A,ENABLED,53,914,1680,N/A,ENABLED,53,914,1680,N/A,ENABLED,53,914,1680,N/A,ENABLED,44,711,1400,N/A,ENABLED,44,711,1400,N/A,ENABLED,44,711,1400,N/A,ENABLED,44,711,1400,N/A,ENABLED,N/A,60,64,5,794,N/A,N/A,N/A,N/A,ENABLED,2071,500,2100,DISABLED,DISABLED,2068,500,2100,DISABLED,DISABLED,2068,500,2100,DISABLED,DISABLED,2065,500,2100,DISABLED,DISABLED,2080,500,2100,DISABLED,DISABLED,2067,500,2100,DISABLED,DISABLED,2079,500,2100,DISABLED,DISABLED,2067,500,2100,DISABLED,DISABLED,1500,900,1500,N/A,DISABLED,53,914,1680,N/A,ENABLED,53,914,1680,N/A,ENABLED,53,914,1680,N/A,ENABLED,53,914,1680,N/A,ENABLED,44,711,1400,N/A,ENABLED,44,711,1400,N/A,ENABLED,44,711,1400,N/A,ENABLED,44,711,1400,N/A,ENABLED,N/A,52,54,6,814,N/A,N/A,N/A,N/A,ENABLED,2040,500,2100,DISABLED,DISABLED,2030,500,2100,DISABLED,DISABLED,2055,500,2100,DISABLED,DISABLED,2045,500,2100,DISABLED,DISABLED,2045,500,2100,DISABLED,DISABLED,2033,500,2100,DISABLED,DISABLED,2045,500,2100,DISABLED,DISABLED,2042,500,2100,DISABLED,DISABLED,1500,900,1500,N/A,DISABLED,53,914,1680,N/A,ENABLED,53,914,1680,N/A,ENABLED,53,914,1680,N/A,ENABLED,53,914,1680,N/A,ENABLED,44,711,1400,N/A,ENABLED,44,711,1400,N/A,ENABLED,44,711,1400,N/A,ENABLED,44,711,1400,N/A,ENABLED,N/A,61,64,7,788,N/A,N/A,N/A,N/A,ENABLED,2061,500,2100,DISABLED,DISABLED,2057,500,2100,DISABLED,DISABLED,2066,500,2100,DISABLED,DISABLED,2062,500,2100,DISABLED,DISABLED,2062,500,2100,DISABLED,DISABLED,2052,500,2100,DISABLED,DISABLED,2070,500,2100,DISABLED,DISABLED,2061,500,2100,DISABLED,DISABLED,1500,900,1500,N/A,DISABLED,53,914,1680,N/A,ENABLED,53,914,1680,N/A,ENABLED,53,914,1680,N/A,ENABLED,53,914,1680,N/A,ENABLED,44,711,1400,N/A,ENABLED,44,711,1400,N/A,ENABLED,44,711,1400,N/A,ENABLED,44,711,1400,N/A,ENABLED,N/A,56,56
1743961044,0,802,N/A,N/A,N/A,N/A,ENABLED,2054,500,2100,DISABLED,DISABLED,2041,500,2100,DISABLED,DISABLED,2057,500,2100,DISABLED,DISABLED,2059,500,2100,DISABLED,DISABLED,2063,500,2100,DISABLED,DISABLED,2049,500,2100,DISABLED,DISABLED,2062,500,2100,DISABLED,DISABLED,2058,500,2100,DISABLED,DISABLED,1500,900,1500,N/A,DISABLED,53,914,1680,N/A,ENABLED,53,914,1680,N/A,ENABLED,53,914,1680,N/A,ENABLED,53,914,1680,N/A,ENABLED,44,711,1400,N/A,ENABLED,44,711,1400,N/A,ENABLED,44,711,1400,N/A,ENABLED,44,711,1400,N/A,ENABLED,N/A,60,63,1,777,N/A,N/A,N/A,N/A,ENABLED,2073,500,2100,DISABLED,DISABLED,2071,500,2100,DISABLED,DISABLED,2079,500,2100,DISABLED,DISABLED,2065,500,2100,DISABLED,DISABLED,2068,500,2100,DISABLED,DISABLED,2069,500,2100,DISABLED,DISABLED,2069,500,2100,DISABLED,DISABLED,2066,500,2100,DISABLED,DISABLED,1500,900,1500,N/A,DISABLED,53,914,1680,N/A,ENABLED,53,914,1680,N/A,ENABLED,53,914,1680,N/A,ENABLED,53,914,1680,N/A,ENABLED,44,711,1400,N/A,ENABLED,44,711,1400,N/A,ENABLED,44,711,1400,N/A,ENABLED,44,711,1400,N/A,ENABLED,N/A,53,56,2,785,N/A,N/A,N/A,N/A,ENABLED,2059,500,2100,DISABLED,DISABLED,2050,500,2100,DISABLED,DISABLED,2058,500,2100,DISABLED,DISABLED,2046,500,2100,DISABLED,DISABLED,2053,500,2100,DISABLED,DISABLED,2040,500,2100,DISABLED,DISABLED,2063,500,2100,DISABLED,DISABLED,2060,500,2100,DISABLED,DISABLED,1500,900,1500,N/A,DISABLED,53,914,1680,N/A,ENABLED,53,914,1680,N/A,ENABLED,53,914,1680,N/A,ENABLED,53,914,1680,N/A,ENABLED,44,711,1400,N/A,ENABLED,44,711,1400,N/A,ENABLED,44,711,1400,N/A,ENABLED,44,711,1400,N/A,ENABLED,N/A,53,57,3,815,N/A,N/A,N/A,N/A,ENABLED,2041,500,2100,DISABLED,DISABLED,2037,500,2100,DISABLED,DISABLED,2039,500,2100,DISABLED,DISABLED,2037,500,2100,DISABLED,DISABLED,2033,500,2100,DISABLED,DISABLED,2029,500,2100,DISABLED,DISABLED,2038,500,2100,DISABLED,DISABLED,2031,500,2100,DISABLED,DISABLED,1500,900,1500,N/A,DISABLED,53,914,1680,N/A,ENABLED,53,914,1680,N/A,ENABLED,53,914,1680,N/A,ENABLED,53,914,1680,N/A,ENABLED,44,711,1400,N/A,ENABLED,44,711,1400,N/A,ENABLED,44,711,1400,N/A,ENABLED,44,711,1400,N/A,ENABLED,N/A,64,65,4,798,N/A,N/A,N/A,N/A,ENABLED,2069,500,2100,DISABLED,DISABLED,2063,500,2100,DISABLED,DISABLED,2072,500,2100,DISABLED,DISABLED,2060,500,2100,DISABLED,DISABLED,2069,500,2100,DISABLED,DISABLED,2066,500,2100,DISABLED,DISABLED,2067,500,2100,DISABLED,DISABLED,2057,500,2100,DISABLED,DISABLED,1500,900,1500,N/A,DISABLED,53,914,1680,N/A,ENABLED,53,914,1680,N/A,ENABLED,53,914,1680,N/A,ENABLED,53,914,1680,N/A,ENABLED,44,711,1400,N/A,ENABLED,44,711,1400,N/A,ENABLED,44,711,1400,N/A,ENABLED,44,711,1400,N/A,ENABLED,N/A,61,65,5,798,N/A,N/A,N/A,N/A,ENABLED,2068,500,2100,DISABLED,DISABLED,2065,500,2100,DISABLED,DISABLED,2064,500,2100,DISABLED,DISABLED,2062,500,2100,DISABLED,DISABLED,2077,500,2100,DISABLED,DISABLED,2063,500,2100,DISABLED,DISABLED,2075,500,2100,DISABLED,DISABLED,2064,500,2100,DISABLED,DISABLED,1500,900,1500,N/A,DISABLED,53,914,1680,N/A,ENABLED,53,914,1680,N/A,ENABLED,53,914,1680,N/A,ENABLED,53,914,1680,N/A,ENABLED,44,711,1400,N/A,ENABLED,44,711,1400,N/A,ENABLED,44,711,1400,N/A,ENABLED,44,711,1400,N/A,ENABLED,N/A,53,55,6,817,N/A,N/A,N/A,N/A,ENABLED,2036,500,2100,DISABLED,DISABLED,2026,500,2100,DISABLED,DISABLED,2050,500,2100,DISABLED,DISABLED,2040,500,2100,DISABLED,DISABLED,2041,500,2100,DISABLED,DISABLED,2029,500,2100,DISABLED,DISABLED,2041,500,2100,DISABLED,DISABLED,2038,500,2100,DISABLED,DISABLED,1500,900,1500,N/A,DISABLED,53,914,1680,N/A,ENABLED,53,914,1680,N/A,ENABLED,53,914,1680,N/A,ENABLED,53,914,1680,N/A,ENABLED,44,711,1400,N/A,ENABLED,44,711,1400,N/A,ENABLED,44,711,1400,N/A,ENABLED,44,711,1400,N/A,ENABLED,N/A,62,65,7,798,N/A,N/A,N/A,N/A,ENABLED,2059,500,2100,DISABLED,DISABLED,2056,500,2100,DISABLED,DISABLED,2065,500,2100,DISABLED,DISABLED,2062,500,2100,DISABLED,DISABLED,2061,500,2100,DISABLED,DISABLED,2050,500,2100,DISABLED,DISABLED,2067,500,2100,DISABLED,DISABLED,2059,500,2100,DISABLED,DISABLED,1500,900,1500,N/A,DISABLED,53,914,1680,N/A,ENABLED,53,914,1680,N/A,ENABLED,53,914,1680,N/A,ENABLED,53,914,1680,N/A,ENABLED,44,711,1400,N/A,ENABLED,44,711,1400,N/A,ENABLED,44,711,1400,N/A,ENABLED,44,711,1400,N/A,ENABLED,N/A,57,58
1743961045,0,808,N/A,N/A,N/A,N/A,ENABLED,2056,500,2100,DISABLED,DISABLED,2043,500,2100,DISABLED,DISABLED,2059,500,2100,DISABLED,DISABLED,2060,500,2100,DISABLED,DISABLED,2066,500,2100,DISABLED,DISABLED,2052,500,2100,DISABLED,DISABLED,2064,500,2100,DISABLED,DISABLED,2059,500,2100,DISABLED,DISABLED,1500,900,1500,N/A,DISABLED,52,914,1680,N/A,ENABLED,52,914,1680,N/A,ENABLED,52,914,1680,N/A,ENABLED,52,914,1680,N/A,ENABLED,44,711,1400,N/A,ENABLED,44,711,1400,N/A,ENABLED,44,711,1400,N/A,ENABLED,44,711,1400,N/A,ENABLED,N/A,61,64,1,777,N/A,N/A,N/A,N/A,ENABLED,2072,500,2100,DISABLED,DISABLED,2070,500,2100,DISABLED,DISABLED,2077,500,2100,DISABLED,DISABLED,2063,500,2100,DISABLED,DISABLED,2067,500,2100,DISABLED,DISABLED,2067,500,2100,DISABLED,DISABLED,2067,500,2100,DISABLED,DISABLED,2065,500,2100,DISABLED,DISABLED,1500,900,1500,N/A,DISABLED,52,914,1680,N/A,ENABLED,52,914,1680,N/A,ENABLED,52,914,1680,N/A,ENABLED,52,914,1680,N/A,ENABLED,44,711,1400,N/A,ENABLED,44,711,1400,N/A,ENABLED,44,711,1400,N/A,ENABLED,44,711,1400,N/A,ENABLED,N/A,54,56,2,785,N/A,N/A,N/A,N/A,ENABLED,2058,500,2100,DISABLED,DISABLED,2048,500,2100,DISABLED,DISABLED,2057,500,2100,DISABLED,DISABLED,2045,500,2100,DISABLED,DISABLED,2052,500,2100,DISABLED,DISABLED,2039,500,2100,DISABLED,DISABLED,2063,500,2100,DISABLED,DISABLED,2060,500,2100,DISABLED,DISABLED,1500,900,1500,N/A,DISABLED,52,914,1680,N/A,ENABLED,52,914,1680,N/A,ENABLED,52,914,1680,N/A,ENABLED,52,914,1680,N/A,ENABLED,44,711,1400,N/A,ENABLED,44,711,1400,N/A,ENABLED,44,711,1400,N/A,ENABLED,44,711,1400,N/A,ENABLED,N/A,54,57,3,817,N/A,N/A,N/A,N/A,ENABLED,2035,500,2100,DISABLED,DISABLED,2032,500,2100,DISABLED,DISABLED,2034,500,2100,DISABLED,DISABLED,2031,500,2100,DISABLED,DISABLED,2027,500,2100,DISABLED,DISABLED,2023,500,2100,DISABLED,DISABLED,2033,500,2100,DISABLED,DISABLED,2026,500,2100,DISABLED,DISABLED,1500,900,1500,N/A,DISABLED,52,914,1680,N/A,ENABLED,52,914,1680,N/A,ENABLED,52,914,1680,N/A,ENABLED,52,914,1680,N/A,ENABLED,44,711,1400,N/A,ENABLED,44,711,1400,N/A,ENABLED,44,711,1400,N/A,ENABLED,44,711,1400,N/A,ENABLED,N/A,65,65,4,802,N/A,N/A,N/A,N/A,ENABLED,2067,500,2100,DISABLED,DISABLED,2062,500,2100,DISABLED,DISABLED,2071,500,2100,DISABLED,DISABLED,2059,500,2100,DISABLED,DISABLED,2068,500,2100,DISABLED,DISABLED,2064,500,2100,DISABLED,DISABLED,2066,500,2100,DISABLED,DISABLED,2056,500,2100,DISABLED,DISABLED,1500,900,1500,N/A,DISABLED,52,914,1680,N/A,ENABLED,52,914,1680,N/A,ENABLED,52,914,1680,N/A,ENABLED,52,914,1680,N/A,ENABLED,44,711,1400,N/A,ENABLED,44,711,1400,N/A,ENABLED,44,711,1400,N/A,ENABLED,44,711,1400,N/A,ENABLED,N/A,62,65,5,797,N/A,N/A,N/A,N/A,ENABLED,2067,500,2100,DISABLED,DISABLED,2064,500,2100,DISABLED,DISABLED,2065,500,2100,DISABLED,DISABLED,2061,500,2100,DISABLED,DISABLED,2076,500,2100,DISABLED,DISABLED,2063,500,2100,DISABLED,DISABLED,2074,500,2100,DISABLED,DISABLED,2062,500,2100,DISABLED,DISABLED,1500,900,1500,N/A,DISABLED,52,914,1680,N/A,ENABLED,52,914,1680,N/A,ENABLED,52,914,1680,N/A,ENABLED,52,914,1680,N/A,ENABLED,44,711,1400,N/A,ENABLED,44,711,1400,N/A,ENABLED,44,711,1400,N/A,ENABLED,44,711,1400,N/A,ENABLED,N/A,53,56,6,821,N/A,N/A,N/A,N/A,ENABLED,2029,500,2100,DISABLED,DISABLED,2019,500,2100,DISABLED,DISABLED,2045,500,2100,DISABLED,DISABLED,2035,500,2100,DISABLED,DISABLED,2035,500,2100,DISABLED,DISABLED,2021,500,2100,DISABLED,DISABLED,2035,500,2100,DISABLED,DISABLED,2031,500,2100,DISABLED,DISABLED,1500,900,1500,N/A,DISABLED,52,914,1680,N/A,ENABLED,52,914,1680,N/A,ENABLED,52,914,1680,N/A,ENABLED,52,914,1680,N/A,ENABLED,44,711,1400,N/A,ENABLED,44,711,1400,N/A,ENABLED,44,711,1400,N/A,ENABLED,44,711,1400,N/A,ENABLED,N/A,63,66,7,797,N/A,N/A,N/A,N/A,ENABLED,2060,500,2100,DISABLED,DISABLED,2056,500,2100,DISABLED,DISABLED,2066,500,2100,DISABLED,DISABLED,2062,500,2100,DISABLED,DISABLED,2062,500,2100,DISABLED,DISABLED,2051,500,2100,DISABLED,DISABLED,2070,500,2100,DISABLED,DISABLED,2059,500,2100,DISABLED,DISABLED,1500,900,1500,N/A,DISABLED,52,914,1680,N/A,ENABLED,52,914,1680,N/A,ENABLED,52,914,1680,N/A,ENABLED,52,914,1680,N/A,ENABLED,44,711,1400,N/A,ENABLED,44,711,1400,N/A,ENABLED,44,711,1400,N/A,ENABLED,44,711,1400,N/A,ENABLED,N/A,57,58
1743961046,0,807,N/A,N/A,N/A,N/A,ENABLED,2055,500,2100,DISABLED,DISABLED,2041,500,2100,DISABLED,DISABLED,2058,500,2100,DISABLED,DISABLED,2059,500,2100,DISABLED,DISABLED,2063,500,2100,DISABLED,DISABLED,2049,500,2100,DISABLED,DISABLED,2063,500,2100,DISABLED,DISABLED,2059,500,2100,DISABLED,DISABLED,1500,900,1500,N/A,DISABLED,53,914,1680,N/A,ENABLED,53,914,1680,N/A,ENABLED,53,914,1680,N/A,ENABLED,53,914,1680,N/A,ENABLED,44,711,1400,N/A,ENABLED,44,711,1400,N/A,ENABLED,44,711,1400,N/A,ENABLED,44,711,1400,N/A,ENABLED,N/A,62,64,1,777,N/A,N/A,N/A,N/A,ENABLED,2072,500,2100,DISABLED,DISABLED,2070,500,2100,DISABLED,DISABLED,2077,500,2100,DISABLED,DISABLED,2063,500,2100,DISABLED,DISABLED,2067,500,2100,DISABLED,DISABLED,2067,500,2100,DISABLED,DISABLED,2067,500,2100,DISABLED,DISABLED,2065,500,2100,DISABLED,DISABLED,1500,900,1500,N/A,DISABLED,53,914,1680,N/A,ENABLED,53,914,1680,N/A,ENABLED,53,914,1680,N/A,ENABLED,53,914,1680,N/A,ENABLED,44,711,1400,N/A,ENABLED,44,711,1400,N/A,ENABLED,44,711,1400,N/A,ENABLED,44,711,1400,N/A,ENABLED,N/A,54,56,2,786,N/A,N/A,N/A,N/A,ENABLED,2055,500,2100,DISABLED,DISABLED,2047,500,2100,DISABLED,DISABLED,2056,500,2100,DISABLED,DISABLED,2043,500,2100,DISABLED,DISABLED,2049,500,2100,DISABLED,DISABLED,2036,500,2100,DISABLED,DISABLED,2061,500,2100,DISABLED,DISABLED,2057,500,2100,DISABLED,DISABLED,1500,900,1500,N/A,DISABLED,53,914,1680,N/A,ENABLED,53,914,1680,N/A,ENABLED,53,914,1680,N/A,ENABLED,53,914,1680,N/A,ENABLED,44,711,1400,N/A,ENABLED,44,711,1400,N/A,ENABLED,44,711,1400,N/A,ENABLED,44,711,1400,N/A,ENABLED,N/A,54,59,3,820,N/A,N/A,N/A,N/A,ENABLED,2032,500,2100,DISABLED,DISABLED,2034,500,2100,DISABLED,DISABLED,2032,500,2100,DISABLED,DISABLED,2028,500,2100,DISABLED,DISABLED,2024,500,2100,DISABLED,DISABLED,2020,500,2100,DISABLED,DISABLED,2030,500,2100,DISABLED,DISABLED,2024,500,2100,DISABLED,DISABLED,1500,900,1500,N/A,DISABLED,53,914,1680,N/A,ENABLED,53,914,1680,N/A,ENABLED,53,914,1680,N/A,ENABLED,53,914,1680,N/A,ENABLED,44,711,1400,N/A,ENABLED,44,711,1400,N/A,ENABLED,44,711,1400,N/A,ENABLED,44,711,1400,N/A,ENABLED,N/A,67,66,4,805,N/A,N/A,N/A,N/A,ENABLED,2067,500,2100,DISABLED,DISABLED,2062,500,2100,DISABLED,DISABLED,2070,500,2100,DISABLED,DISABLED,2059,500,2100,DISABLED,DISABLED,2068,500,2100,DISABLED,DISABLED,2064,500,2100,DISABLED,DISABLED,2065,500,2100,DISABLED,DISABLED,2055,500,2100,DISABLED,DISABLED,1500,900,1500,N/A,DISABLED,53,914,1680,N/A,ENABLED,53,914,1680,N/A,ENABLED,53,914,1680,N/A,ENABLED,53,914,1680,N/A,ENABLED,44,711,1400,N/A,ENABLED,44,711,1400,N/A,ENABLED,44,711,1400,N/A,ENABLED,44,711,1400,N/A,ENABLED,N/A,62,65,5,799,N/A,N/A,N/A,N/A,ENABLED,2066,500,2100,DISABLED,DISABLED,2063,500,2100,DISABLED,DISABLED,2063,500,2100,DISABLED,DISABLED,2059,500,2100,DISABLED,DISABLED,2074,500,2100,DISABLED,DISABLED,2061,500,2100,DISABLED,DISABLED,2072,500,2100,DISABLED,DISABLED,2061,500,2100,DISABLED,DISABLED,1500,900,1500,N/A,DISABLED,53,914,1680,N/A,ENABLED,53,914,1680,N/A,ENABLED,53,914,1680,N/A,ENABLED,53,914,1680,N/A,ENABLED,44,711,1400,N/A,ENABLED,44,711,1400,N/A,ENABLED,44,711,1400,N/A,ENABLED,44,711,1400,N/A,ENABLED,N/A,54,56,6,825,N/A,N/A,N/A,N/A,ENABLED,2025,500,2100,DISABLED,DISABLED,2015,500,2100,DISABLED,DISABLED,2039,500,2100,DISABLED,DISABLED,2030,500,2100,DISABLED,DISABLED,2031,500,2100,DISABLED,DISABLED,2017,500,2100,DISABLED,DISABLED,2030,500,2100,DISABLED,DISABLED,2028,500,2100,DISABLED,DISABLED,1500,900,1500,N/A,DISABLED,53,914,1680,N/A,ENABLED,53,914,1680,N/A,ENABLED,53,914,1680,N/A,ENABLED,53,914,1680,N/A,ENABLED,44,711,1400,N/A,ENABLED,44,711,1400,N/A,ENABLED,44,711,1400,N/A,ENABLED,44,711,1400,N/A,ENABLED,N/A,64,66,7,798,N/A,N/A,N/A,N/A,ENABLED,2058,500,2100,DISABLED,DISABLED,2054,500,2100,DISABLED,DISABLED,2065,500,2100,DISABLED,DISABLED,2062,500,2100,DISABLED,DISABLED,2059,500,2100,DISABLED,DISABLED,2049,500,2100,DISABLED,DISABLED,2069,500,2100,DISABLED,DISABLED,2058,500,2100,DISABLED,DISABLED,1500,900,1500,N/A,DISABLED,53,914,1680,N/A,ENABLED,53,914,1680,N/A,ENABLED,53,914,1680,N/A,ENABLED,53,914,1680,N/A,ENABLED,44,711,1400,N/A,ENABLED,44,711,1400,N/A,ENABLED,44,711,1400,N/A,ENABLED,44,711,1400,N/A,ENABLED,N/A,58,59
1743961048,0,806,N/A,N/A,N/A,N/A,ENABLED,2048,500,2100,DISABLED,DISABLED,2035,500,2100,DISABLED,DISABLED,2051,500,2100,DISABLED,DISABLED,2052,500,2100,DISABLED,DISABLED,2057,500,2100,DISABLED,DISABLED,2042,500,2100,DISABLED,DISABLED,2056,500,2100,DISABLED,DISABLED,2052,500,2100,DISABLED,DISABLED,1500,900,1500,N/A,DISABLED,53,914,1680,N/A,ENABLED,53,914,1680,N/A,ENABLED,53,914,1680,N/A,ENABLED,53,914,1680,N/A,ENABLED,44,711,1400,N/A,ENABLED,44,711,1400,N/A,ENABLED,44,711,1400,N/A,ENABLED,44,711,1400,N/A,ENABLED,N/A,62,65,1,781,N/A,N/A,N/A,N/A,ENABLED,2071,500,2100,DISABLED,DISABLED,2069,500,2100,DISABLED,DISABLED,2076,500,2100,DISABLED,DISABLED,2062,500,2100,DISABLED,DISABLED,2066,500,2100,DISABLED,DISABLED,2066,500,2100,DISABLED,DISABLED,2066,500,2100,DISABLED,DISABLED,2063,500,2100,DISABLED,DISABLED,1500,900,1500,N/A,DISABLED,53,914,1680,N/A,ENABLED,53,914,1680,N/A,ENABLED,53,914,1680,N/A,ENABLED,53,914,1680,N/A,ENABLED,44,711,1400,N/A,ENABLED,44,711,1400,N/A,ENABLED,44,711,1400,N/A,ENABLED,44,711,1400,N/A,ENABLED,N/A,55,57,2,792,N/A,N/A,N/A,N/A,ENABLED,2053,500,2100,DISABLED,DISABLED,2044,500,2100,DISABLED,DISABLED,2053,500,2100,DISABLED,DISABLED,2040,500,2100,DISABLED,DISABLED,2046,500,2100,DISABLED,DISABLED,2033,500,2100,DISABLED,DISABLED,2058,500,2100,DISABLED,DISABLED,2054,500,2100,DISABLED,DISABLED,1500,900,1500,N/A,DISABLED,53,914,1680,N/A,ENABLED,53,914,1680,N/A,ENABLED,53,914,1680,N/A,ENABLED,53,914,1680,N/A,ENABLED,44,711,1400,N/A,ENABLED,44,711,1400,N/A,ENABLED,44,711,1400,N/A,ENABLED,44,711,1400,N/A,ENABLED,N/A,55,59,3,821,N/A,N/A,N/A,N/A,ENABLED,2025,500,2100,DISABLED,DISABLED,2028,500,2100,DISABLED,DISABLED,2027,500,2100,DISABLED,DISABLED,2024,500,2100,DISABLED,DISABLED,2019,500,2100,DISABLED,DISABLED,2015,500,2100,DISABLED,DISABLED,2025,500,2100,DISABLED,DISABLED,2017,500,2100,DISABLED,DISABLED,1500,900,1500,N/A,DISABLED,53,914,1680,N/A,ENABLED,53,914,1680,N/A,ENABLED,53,914,1680,N/A,ENABLED,53,914,1680,N/A,ENABLED,44,711,1400,N/A,ENABLED,44,711,1400,N/A,ENABLED,44,711,1400,N/A,ENABLED,44,711,1400,N/A,ENABLED,N/A,68,67,4,809,N/A,N/A,N/A,N/A,ENABLED,2065,500,2100,DISABLED,DISABLED,2060,500,2100,DISABLED,DISABLED,2068,500,2100,DISABLED,DISABLED,2057,500,2100,DISABLED,DISABLED,2065,500,2100,DISABLED,DISABLED,2061,500,2100,DISABLED,DISABLED,2064,500,2100,DISABLED,DISABLED,2054,500,2100,DISABLED,DISABLED,1500,900,1500,N/A,DISABLED,53,914,1680,N/A,ENABLED,53,914,1680,N/A,ENABLED,53,914,1680,N/A,ENABLED,53,914,1680,N/A,ENABLED,44,711,1400,N/A,ENABLED,44,711,1400,N/A,ENABLED,44,711,1400,N/A,ENABLED,44,711,1400,N/A,ENABLED,N/A,63,66,5,803,N/A,N/A,N/A,N/A,ENABLED,2065,500,2100,DISABLED,DISABLED,2062,500,2100,DISABLED,DISABLED,2063,500,2100,DISABLED,DISABLED,2060,500,2100,DISABLED,DISABLED,2074,500,2100,DISABLED,DISABLED,2060,500,2100,DISABLED,DISABLED,2071,500,2100,DISABLED,DISABLED,2059,500,2100,DISABLED,DISABLED,1500,900,1500,N/A,DISABLED,53,914,1680,N/A,ENABLED,53,914,1680,N/A,ENABLED,53,914,1680,N/A,ENABLED,53,914,1680,N/A,ENABLED,44,711,1400,N/A,ENABLED,44,711,1400,N/A,ENABLED,44,711,1400,N/A,ENABLED,44,711,1400,N/A,ENABLED,N/A,55,57,6,825,N/A,N/A,N/A,N/A,ENABLED,2022,500,2100,DISABLED,DISABLED,2013,500,2100,DISABLED,DISABLED,2038,500,2100,DISABLED,DISABLED,2029,500,2100,DISABLED,DISABLED,2032,500,2100,DISABLED,DISABLED,2014,500,2100,DISABLED,DISABLED,2028,500,2100,DISABLED,DISABLED,2026,500,2100,DISABLED,DISABLED,1500,900,1500,N/A,DISABLED,53,914,1680,N/A,ENABLED,53,914,1680,N/A,ENABLED,53,914,1680,N/A,ENABLED,53,914,1680,N/A,ENABLED,44,711,1400,N/A,ENABLED,44,711,1400,N/A,ENABLED,44,711,1400,N/A,ENABLED,44,711,1400,N/A,ENABLED,N/A,64,68,7,800,N/A,N/A,N/A,N/A,ENABLED,2056,500,2100,DISABLED,DISABLED,2052,500,2100,DISABLED,DISABLED,2063,500,2100,DISABLED,DISABLED,2060,500,2100,DISABLED,DISABLED,2058,500,2100,DISABLED,DISABLED,2048,500,2100,DISABLED,DISABLED,2066,500,2100,DISABLED,DISABLED,2056,500,2100,DISABLED,DISABLED,1500,900,1500,N/A,DISABLED,53,914,1680,N/A,ENABLED,53,914,1680,N/A,ENABLED,53,914,1680,N/A,ENABLED,53,914,1680,N/A,ENABLED,44,711,1400,N/A,ENABLED,44,711,1400,N/A,ENABLED,44,711,1400,N/A,ENABLED,44,711,1400,N/A,ENABLED,N/A,59,59
1743961049,0,810,N/A,N/A,N/A,N/A,ENABLED,2045,500,2100,DISABLED,DISABLED,2032,500,2100,DISABLED,DISABLED,2048,500,2100,DISABLED,DISABLED,2049,500,2100,DISABLED,DISABLED,2053,500,2100,DISABLED,DISABLED,2040,500,2100,DISABLED,DISABLED,2053,500,2100,DISABLED,DISABLED,2048,500,2100,DISABLED,DISABLED,1500,900,1500,N/A,DISABLED,53,914,1680,N/A,ENABLED,53,914,1680,N/A,ENABLED,53,914,1680,N/A,ENABLED,53,914,1680,N/A,ENABLED,44,711,1400,N/A,ENABLED,44,711,1400,N/A,ENABLED,44,711,1400,N/A,ENABLED,44,711,1400,N/A,ENABLED,N/A,63,66,1,784,N/A,N/A,N/A,N/A,ENABLED,2073,500,2100,DISABLED,DISABLED,2070,500,2100,DISABLED,DISABLED,2078,500,2100,DISABLED,DISABLED,2063,500,2100,DISABLED,DISABLED,2067,500,2100,DISABLED,DISABLED,2067,500,2100,DISABLED,DISABLED,2067,500,2100,DISABLED,DISABLED,2065,500,2100,DISABLED,DISABLED,1500,900,1500,N/A,DISABLED,53,914,1680,N/A,ENABLED,53,914,1680,N/A,ENABLED,53,914,1680,N/A,ENABLED,53,914,1680,N/A,ENABLED,44,711,1400,N/A,ENABLED,44,711,1400,N/A,ENABLED,44,711,1400,N/A,ENABLED,44,711,1400,N/A,ENABLED,N/A,55,58,2,790,N/A,N/A,N/A,N/A,ENABLED,2051,500,2100,DISABLED,DISABLED,2043,500,2100,DISABLED,DISABLED,2051,500,2100,DISABLED,DISABLED,2039,500,2100,DISABLED,DISABLED,2046,500,2100,DISABLED,DISABLED,2032,500,2100,DISABLED,DISABLED,2055,500,2100,DISABLED,DISABLED,2052,500,2100,DISABLED,DISABLED,1500,900,1500,N/A,DISABLED,53,914,1680,N/A,ENABLED,53,914,1680,N/A,ENABLED,53,914,1680,N/A,ENABLED,53,914,1680,N/A,ENABLED,44,711,1400,N/A,ENABLED,44,711,1400,N/A,ENABLED,44,711,1400,N/A,ENABLED,44,711,1400,N/A,ENABLED,N/A,56,60,3,825,N/A,N/A,N/A,N/A,ENABLED,2025,500,2100,DISABLED,DISABLED,2027,500,2100,DISABLED,DISABLED,2026,500,2100,DISABLED,DISABLED,2021,500,2100,DISABLED,DISABLED,2018,500,2100,DISABLED,DISABLED,2014,500,2100,DISABLED,DISABLED,2023,500,2100,DISABLED,DISABLED,2016,500,2100,DISABLED,DISABLED,1500,900,1500,N/A,DISABLED,53,914,1680,N/A,ENABLED,53,914,1680,N/A,ENABLED,53,914,1680,N/A,ENABLED,53,914,1680,N/A,ENABLED,44,711,1400,N/A,ENABLED,44,711,1400,N/A,ENABLED,44,711,1400,N/A,ENABLED,44,711,1400,N/A,ENABLED,N/A,69,67,4,805,N/A,N/A,N/A,N/A,ENABLED,2065,500,2100,DISABLED,DISABLED,2059,500,2100,DISABLED,DISABLED,2069,500,2100,DISABLED,DISABLED,2056,500,2100,DISABLED,DISABLED,2065,500,2100,DISABLED,DISABLED,2061,500,2100,DISABLED,DISABLED,2063,500,2100,DISABLED,DISABLED,2053,500,2100,DISABLED,DISABLED,1500,900,1500,N/A,DISABLED,53,914,1680,N/A,ENABLED,53,914,1680,N/A,ENABLED,53,914,1680,N/A,ENABLED,53,914,1680,N/A,ENABLED,44,711,1400,N/A,ENABLED,44,711,1400,N/A,ENABLED,44,711,1400,N/A,ENABLED,44,711,1400,N/A,ENABLED,N/A,63,66,5,802,N/A,N/A,N/A,N/A,ENABLED,2064,500,2100,DISABLED,DISABLED,2061,500,2100,DISABLED,DISABLED,2062,500,2100,DISABLED,DISABLED,2058,500,2100,DISABLED,DISABLED,2073,500,2100,DISABLED,DISABLED,2061,500,2100,DISABLED,DISABLED,2071,500,2100,DISABLED,DISABLED,2059,500,2100,DISABLED,DISABLED,1500,900,1500,N/A,DISABLED,53,914,1680,N/A,ENABLED,53,914,1680,N/A,ENABLED,53,914,1680,N/A,ENABLED,53,914,1680,N/A,ENABLED,44,711,1400,N/A,ENABLED,44,711,1400,N/A,ENABLED,44,711,1400,N/A,ENABLED,44,711,1400,N/A,ENABLED,N/A,55,57,6,825,N/A,N/A,N/A,N/A,ENABLED,2021,500,2100,DISABLED,DISABLED,2012,500,2100,DISABLED,DISABLED,2036,500,2100,DISABLED,DISABLED,2027,500,2100,DISABLED,DISABLED,2032,500,2100,DISABLED,DISABLED,2012,500,2100,DISABLED,DISABLED,2027,500,2100,DISABLED,DISABLED,2024,500,2100,DISABLED,DISABLED,1500,900,1500,N/A,DISABLED,53,914,1680,N/A,ENABLED,53,914,1680,N/A,ENABLED,53,914,1680,N/A,ENABLED,53,914,1680,N/A,ENABLED,44,711,1400,N/A,ENABLED,44,711,1400,N/A,ENABLED,44,711,1400,N/A,ENABLED,44,711,1400,N/A,ENABLED,N/A,65,68,7,805,N/A,N/A,N/A,N/A,ENABLED,2056,500,2100,DISABLED,DISABLED,2052,500,2100,DISABLED,DISABLED,2064,500,2100,DISABLED,DISABLED,2059,500,2100,DISABLED,DISABLED,2059,500,2100,DISABLED,DISABLED,2048,500,2100,DISABLED,DISABLED,2067,500,2100,DISABLED,DISABLED,2057,500,2100,DISABLED,DISABLED,1500,900,1500,N/A,DISABLED,53,914,1680,N/A,ENABLED,53,914,1680,N/A,ENABLED,53,914,1680,N/A,ENABLED,53,914,1680,N/A,ENABLED,44,711,1400,N/A,ENABLED,44,711,1400,N/A,ENABLED,44,711,1400,N/A,ENABLED,44,711,1400,N/A,ENABLED,N/A,59,60
1743961050,0,813,N/A,N/A,N/A,N/A,ENABLED,2043,500,2100,DISABLED,DISABLED,2029,500,2100,DISABLED,DISABLED,2045,500,2100,DISABLED,DISABLED,2046,500,2100,DISABLED,DISABLED,2052,500,2100,DISABLED,DISABLED,2038,500,2100,DISABLED,DISABLED,2050,500,2100,DISABLED,DISABLED,2045,500,2100,DISABLED,DISABLED,1500,900,1500,N/A,DISABLED,52,914,1680,N/A,ENABLED,52,914,1680,N/A,ENABLED,52,914,1680,N/A,ENABLED,52,914,1680,N/A,ENABLED,44,711,1400,N/A,ENABLED,44,711,1400,N/A,ENABLED,44,711,1400,N/A,ENABLED,44,711,1400,N/A,ENABLED,N/A,64,66,1,782,N/A,N/A,N/A,N/A,ENABLED,2071,500,2100,DISABLED,DISABLED,2068,500,2100,DISABLED,DISABLED,2076,500,2100,DISABLED,DISABLED,2061,500,2100,DISABLED,DISABLED,2065,500,2100,DISABLED,DISABLED,2065,500,2100,DISABLED,DISABLED,2066,500,2100,DISABLED,DISABLED,2063,500,2100,DISABLED,DISABLED,1500,900,1500,N/A,DISABLED,52,914,1680,N/A,ENABLED,52,914,1680,N/A,ENABLED,52,914,1680,N/A,ENABLED,52,914,1680,N/A,ENABLED,44,711,1400,N/A,ENABLED,44,711,1400,N/A,ENABLED,44,711,1400,N/A,ENABLED,44,711,1400,N/A,ENABLED,N/A,56,58,2,790,N/A,N/A,N/A,N/A,ENABLED,2049,500,2100,DISABLED,DISABLED,2041,500,2100,DISABLED,DISABLED,2049,500,2100,DISABLED,DISABLED,2036,500,2100,DISABLED,DISABLED,2043,500,2100,DISABLED,DISABLED,2030,500,2100,DISABLED,DISABLED,2054,500,2100,DISABLED,DISABLED,2050,500,2100,DISABLED,DISABLED,1500,900,1500,N/A,DISABLED,52,914,1680,N/A,ENABLED,52,914,1680,N/A,ENABLED,52,914,1680,N/A,ENABLED,52,914,1680,N/A,ENABLED,44,711,1400,N/A,ENABLED,44,711,1400,N/A,ENABLED,44,711,1400,N/A,ENABLED,44,711,1400,N/A,ENABLED,N/A,56,60,3,823,N/A,N/A,N/A,N/A,ENABLED,2010,500,2100,DISABLED,DISABLED,2012,500,2100,DISABLED,DISABLED,2010,500,2100,DISABLED,DISABLED,2007,500,2100,DISABLED,DISABLED,2002,500,2100,DISABLED,DISABLED,1999,500,2100,DISABLED,DISABLED,2007,500,2100,DISABLED,DISABLED,2000,500,2100,DISABLED,DISABLED,1500,900,1500,N/A,DISABLED,52,914,1680,N/A,ENABLED,52,914,1680,N/A,ENABLED,52,914,1680,N/A,ENABLED,52,914,1680,N/A,ENABLED,44,711,1400,N/A,ENABLED,44,711,1400,N/A,ENABLED,44,711,1400,N/A,ENABLED,44,711,1400,N/A,ENABLED,N/A,70,68,4,806,N/A,N/A,N/A,N/A,ENABLED,2062,500,2100,DISABLED,DISABLED,2057,500,2100,DISABLED,DISABLED,2066,500,2100,DISABLED,DISABLED,2055,500,2100,DISABLED,DISABLED,2062,500,2100,DISABLED,DISABLED,2058,500,2100,DISABLED,DISABLED,2060,500,2100,DISABLED,DISABLED,2050,500,2100,DISABLED,DISABLED,1500,900,1500,N/A,DISABLED,52,914,1680,N/A,ENABLED,52,914,1680,N/A,ENABLED,52,914,1680,N/A,ENABLED,52,914,1680,N/A,ENABLED,44,711,1400,N/A,ENABLED,44,711,1400,N/A,ENABLED,44,711,1400,N/A,ENABLED,44,711,1400,N/A,ENABLED,N/A,64,68,5,802,N/A,N/A,N/A,N/A,ENABLED,2059,500,2100,DISABLED,DISABLED,2057,500,2100,DISABLED,DISABLED,2057,500,2100,DISABLED,DISABLED,2053,500,2100,DISABLED,DISABLED,2070,500,2100,DISABLED,DISABLED,2056,500,2100,DISABLED,DISABLED,2065,500,2100,DISABLED,DISABLED,2054,500,2100,DISABLED,DISABLED,1499,900,1500,N/A,DISABLED,52,914,1680,N/A,ENABLED,52,914,1680,N/A,ENABLED,52,914,1680,N/A,ENABLED,52,914,1680,N/A,ENABLED,44,711,1400,N/A,ENABLED,44,711,1400,N/A,ENABLED,44,711,1400,N/A,ENABLED,44,711,1400,N/A,ENABLED,N/A,56,58,6,830,N/A,N/A,N/A,N/A,ENABLED,2021,500,2100,DISABLED,DISABLED,2012,500,2100,DISABLED,DISABLED,2035,500,2100,DISABLED,DISABLED,2026,500,2100,DISABLED,DISABLED,2032,500,2100,DISABLED,DISABLED,2012,500,2100,DISABLED,DISABLED,2026,500,2100,DISABLED,DISABLED,2023,500,2100,DISABLED,DISABLED,1500,900,1500,N/A,DISABLED,53,914,1680,N/A,ENABLED,53,914,1680,N/A,ENABLED,53,914,1680,N/A,ENABLED,53,914,1680,N/A,ENABLED,44,711,1400,N/A,ENABLED,44,711,1400,N/A,ENABLED,44,711,1400,N/A,ENABLED,44,711,1400,N/A,ENABLED,N/A,66,68,7,801,N/A,N/A,N/A,N/A,ENABLED,2055,500,2100,DISABLED,DISABLED,2051,500,2100,DISABLED,DISABLED,2062,500,2100,DISABLED,DISABLED,2058,500,2100,DISABLED,DISABLED,2057,500,2100,DISABLED,DISABLED,2047,500,2100,DISABLED,DISABLED,2065,500,2100,DISABLED,DISABLED,2055,500,2100,DISABLED,DISABLED,1500,900,1500,N/A,DISABLED,52,914,1680,N/A,ENABLED,52,914,1680,N/A,ENABLED,52,914,1680,N/A,ENABLED,52,914,1680,N/A,ENABLED,44,711,1400,N/A,ENABLED,44,711,1400,N/A,ENABLED,44,711,1400,N/A,ENABLED,44,711,1400,N/A,ENABLED,N/A,60,60
1743961051,0,813,N/A,N/A,N/A,N/A,ENABLED,2040,500,2100,DISABLED,DISABLED,2027,500,2100,DISABLED,DISABLED,2043,500,2100,DISABLED,DISABLED,2044,500,2100,DISABLED,DISABLED,2050,500,2100,DISABLED,DISABLED,2037,500,2100,DISABLED,DISABLED,2048,500,2100,DISABLED,DISABLED,2043,500,2100,DISABLED,DISABLED,1500,900,1500,N/A,DISABLED,53,914,1680,N/A,ENABLED,53,914,1680,N/A,ENABLED,53,914,1680,N/A,ENABLED,53,914,1680,N/A,ENABLED,44,711,1400,N/A,ENABLED,44,711,1400,N/A,ENABLED,44,711,1400,N/A,ENABLED,44,711,1400,N/A,ENABLED,N/A,64,67,1,783,N/A,N/A,N/A,N/A,ENABLED,2070,500,2100,DISABLED,DISABLED,2068,500,2100,DISABLED,DISABLED,2075,500,2100,DISABLED,DISABLED,2061,500,2100,DISABLED,DISABLED,2065,500,2100,DISABLED,DISABLED,2064,500,2100,DISABLED,DISABLED,2065,500,2100,DISABLED,DISABLED,2062,500,2100,DISABLED,DISABLED,1500,900,1500,N/A,DISABLED,53,914,1680,N/A,ENABLED,53,914,1680,N/A,ENABLED,53,914,1680,N/A,ENABLED,53,914,1680,N/A,ENABLED,44,711,1400,N/A,ENABLED,44,711,1400,N/A,ENABLED,44,711,1400,N/A,ENABLED,44,711,1400,N/A,ENABLED,N/A,56,59,2,794,N/A,N/A,N/A,N/A,ENABLED,2048,500,2100,DISABLED,DISABLED,2040,500,2100,DISABLED,DISABLED,2049,500,2100,DISABLED,DISABLED,2035,500,2100,DISABLED,DISABLED,2043,500,2100,DISABLED,DISABLED,2029,500,2100,DISABLED,DISABLED,2054,500,2100,DISABLED,DISABLED,2050,500,2100,DISABLED,DISABLED,1500,900,1500,N/A,DISABLED,53,914,1680,N/A,ENABLED,53,914,1680,N/A,ENABLED,53,914,1680,N/A,ENABLED,53,914,1680,N/A,ENABLED,44,711,1400,N/A,ENABLED,44,711,1400,N/A,ENABLED,44,711,1400,N/A,ENABLED,44,711,1400,N/A,ENABLED,N/A,57,60,3,822,N/A,N/A,N/A,N/A,ENABLED,2008,500,2100,DISABLED,DISABLED,2009,500,2100,DISABLED,DISABLED,2007,500,2100,DISABLED,DISABLED,2004,500,2100,DISABLED,DISABLED,2000,500,2100,DISABLED,DISABLED,1995,500,2100,DISABLED,DISABLED,2005,500,2100,DISABLED,DISABLED,1997,500,2100,DISABLED,DISABLED,1500,900,1500,N/A,DISABLED,53,914,1680,N/A,ENABLED,53,914,1680,N/A,ENABLED,53,914,1680,N/A,ENABLED,53,914,1680,N/A,ENABLED,44,711,1400,N/A,ENABLED,44,711,1400,N/A,ENABLED,44,711,1400,N/A,ENABLED,44,711,1400,N/A,ENABLED,N/A,70,68,4,812,N/A,N/A,N/A,N/A,ENABLED,2059,500,2100,DISABLED,DISABLED,2055,500,2100,DISABLED,DISABLED,2063,500,2100,DISABLED,DISABLED,2052,500,2100,DISABLED,DISABLED,2059,500,2100,DISABLED,DISABLED,2056,500,2100,DISABLED,DISABLED,2057,500,2100,DISABLED,DISABLED,2047,500,2100,DISABLED,DISABLED,1500,900,1500,N/A,DISABLED,53,914,1680,N/A,ENABLED,53,914,1680,N/A,ENABLED,53,914,1680,N/A,ENABLED,53,914,1680,N/A,ENABLED,44,711,1400,N/A,ENABLED,44,711,1400,N/A,ENABLED,44,711,1400,N/A,ENABLED,44,711,1400,N/A,ENABLED,N/A,65,68,5,805,N/A,N/A,N/A,N/A,ENABLED,2061,500,2100,DISABLED,DISABLED,2058,500,2100,DISABLED,DISABLED,2059,500,2100,DISABLED,DISABLED,2057,500,2100,DISABLED,DISABLED,2071,500,2100,DISABLED,DISABLED,2058,500,2100,DISABLED,DISABLED,2068,500,2100,DISABLED,DISABLED,2057,500,2100,DISABLED,DISABLED,1500,900,1500,N/A,DISABLED,53,914,1680,N/A,ENABLED,53,914,1680,N/A,ENABLED,53,914,1680,N/A,ENABLED,53,914,1680,N/A,ENABLED,44,711,1400,N/A,ENABLED,44,711,1400,N/A,ENABLED,44,711,1400,N/A,ENABLED,44,711,1400,N/A,ENABLED,N/A,56,59,6,824,N/A,N/A,N/A,N/A,ENABLED,2016,500,2100,DISABLED,DISABLED,2007,500,2100,DISABLED,DISABLED,2030,500,2100,DISABLED,DISABLED,2021,500,2100,DISABLED,DISABLED,2027,500,2100,DISABLED,DISABLED,2007,500,2100,DISABLED,DISABLED,2022,500,2100,DISABLED,DISABLED,2019,500,2100,DISABLED,DISABLED,1500,900,1500,N/A,DISABLED,53,914,1680,N/A,ENABLED,53,914,1680,N/A,ENABLED,53,914,1680,N/A,ENABLED,53,914,1680,N/A,ENABLED,44,711,1400,N/A,ENABLED,44,711,1400,N/A,ENABLED,44,711,1400,N/A,ENABLED,44,711,1400,N/A,ENABLED,N/A,66,70,7,800,N/A,N/A,N/A,N/A,ENABLED,2052,500,2100,DISABLED,DISABLED,2048,500,2100,DISABLED,DISABLED,2058,500,2100,DISABLED,DISABLED,2055,500,2100,DISABLED,DISABLED,2054,500,2100,DISABLED,DISABLED,2043,500,2100,DISABLED,DISABLED,2062,500,2100,DISABLED,DISABLED,2052,500,2100,DISABLED,DISABLED,1500,900,1500,N/A,DISABLED,53,914,1680,N/A,ENABLED,53,914,1680,N/A,ENABLED,53,914,1680,N/A,ENABLED,53,914,1680,N/A,ENABLED,44,711,1400,N/A,ENABLED,44,711,1400,N/A,ENABLED,44,711,1400,N/A,ENABLED,44,711,1400,N/A,ENABLED,N/A,60,60
1743961053,0,818,N/A,N/A,N/A,N/A,ENABLED,2039,500,2100,DISABLED,DISABLED,2025,500,2100,DISABLED,DISABLED,2042,500,2100,DISABLED,DISABLED,2042,500,2100,DISABLED,DISABLED,2049,500,2100,DISABLED,DISABLED,2038,500,2100,DISABLED,DISABLED,2047,500,2100,DISABLED,DISABLED,2042,500,2100,DISABLED,DISABLED,1500,900,1500,N/A,DISABLED,53,914,1680,N/A,ENABLED,53,914,1680,N/A,ENABLED,53,914,1680,N/A,ENABLED,53,914,1680,N/A,ENABLED,44,711,1400,N/A,ENABLED,44,711,1400,N/A,ENABLED,44,711,1400,N/A,ENABLED,44,711,1400,N/A,ENABLED,N/A,65,67,1,789,N/A,N/A,N/A,N/A,ENABLED,2068,500,2100,DISABLED,DISABLED,2066,500,2100,DISABLED,DISABLED,2074,500,2100,DISABLED,DISABLED,2058,500,2100,DISABLED,DISABLED,2063,500,2100,DISABLED,DISABLED,2063,500,2100,DISABLED,DISABLED,2063,500,2100,DISABLED,DISABLED,2060,500,2100,DISABLED,DISABLED,1500,900,1500,N/A,DISABLED,53,914,1680,N/A,ENABLED,53,914,1680,N/A,ENABLED,53,914,1680,N/A,ENABLED,53,914,1680,N/A,ENABLED,44,711,1400,N/A,ENABLED,44,711,1400,N/A,ENABLED,44,711,1400,N/A,ENABLED,44,711,1400,N/A,ENABLED,N/A,57,59,2,790,N/A,N/A,N/A,N/A,ENABLED,2047,500,2100,DISABLED,DISABLED,2039,500,2100,DISABLED,DISABLED,2048,500,2100,DISABLED,DISABLED,2034,500,2100,DISABLED,DISABLED,2042,500,2100,DISABLED,DISABLED,2028,500,2100,DISABLED,DISABLED,2053,500,2100,DISABLED,DISABLED,2049,500,2100,DISABLED,DISABLED,1500,900,1500,N/A,DISABLED,53,914,1680,N/A,ENABLED,53,914,1680,N/A,ENABLED,53,914,1680,N/A,ENABLED,53,914,1680,N/A,ENABLED,44,711,1400,N/A,ENABLED,44,711,1400,N/A,ENABLED,44,711,1400,N/A,ENABLED,44,711,1400,N/A,ENABLED,N/A,57,61,3,826,N/A,N/A,N/A,N/A,ENABLED,2001,500,2100,DISABLED,DISABLED,2002,500,2100,DISABLED,DISABLED,2002,500,2100,DISABLED,DISABLED,1997,500,2100,DISABLED,DISABLED,1994,500,2100,DISABLED,DISABLED,1990,500,2100,DISABLED,DISABLED,1998,500,2100,DISABLED,DISABLED,1991,500,2100,DISABLED,DISABLED,1500,900,1500,N/A,DISABLED,53,914,1680,N/A,ENABLED,53,914,1680,N/A,ENABLED,53,914,1680,N/A,ENABLED,53,914,1680,N/A,ENABLED,44,711,1400,N/A,ENABLED,44,711,1400,N/A,ENABLED,44,711,1400,N/A,ENABLED,44,711,1400,N/A,ENABLED,N/A,71,69,4,812,N/A,N/A,N/A,N/A,ENABLED,2059,500,2100,DISABLED,DISABLED,2053,500,2100,DISABLED,DISABLED,2063,500,2100,DISABLED,DISABLED,2051,500,2100,DISABLED,DISABLED,2059,500,2100,DISABLED,DISABLED,2054,500,2100,DISABLED,DISABLED,2057,500,2100,DISABLED,DISABLED,2047,500,2100,DISABLED,DISABLED,1500,900,1500,N/A,DISABLED,53,914,1680,N/A,ENABLED,53,914,1680,N/A,ENABLED,53,914,1680,N/A,ENABLED,53,914,1680,N/A,ENABLED,44,711,1400,N/A,ENABLED,44,711,1400,N/A,ENABLED,44,711,1400,N/A,ENABLED,44,711,1400,N/A,ENABLED,N/A,65,68,5,801,N/A,N/A,N/A,N/A,ENABLED,2060,500,2100,DISABLED,DISABLED,2058,500,2100,DISABLED,DISABLED,2058,500,2100,DISABLED,DISABLED,2055,500,2100,DISABLED,DISABLED,2070,500,2100,DISABLED,DISABLED,2056,500,2100,DISABLED,DISABLED,2066,500,2100,DISABLED,DISABLED,2055,500,2100,DISABLED,DISABLED,1500,900,1500,N/A,DISABLED,53,914,1680,N/A,ENABLED,53,914,1680,N/A,ENABLED,53,914,1680,N/A,ENABLED,53,914,1680,N/A,ENABLED,44,711,1400,N/A,ENABLED,44,711,1400,N/A,ENABLED,44,711,1400,N/A,ENABLED,44,711,1400,N/A,ENABLED,N/A,57,59,6,829,N/A,N/A,N/A,N/A,ENABLED,2014,500,2100,DISABLED,DISABLED,2004,500,2100,DISABLED,DISABLED,2028,500,2100,DISABLED,DISABLED,2018,500,2100,DISABLED,DISABLED,2025,500,2100,DISABLED,DISABLED,2005,500,2100,DISABLED,DISABLED,2020,500,2100,DISABLED,DISABLED,2017,500,2100,DISABLED,DISABLED,1500,900,1500,N/A,DISABLED,53,914,1680,N/A,ENABLED,53,914,1680,N/A,ENABLED,53,914,1680,N/A,ENABLED,53,914,1680,N/A,ENABLED,44,711,1400,N/A,ENABLED,44,711,1400,N/A,ENABLED,44,711,1400,N/A,ENABLED,44,711,1400,N/A,ENABLED,N/A,67,70,7,805,N/A,N/A,N/A,N/A,ENABLED,2051,500,2100,DISABLED,DISABLED,2047,500,2100,DISABLED,DISABLED,2059,500,2100,DISABLED,DISABLED,2055,500,2100,DISABLED,DISABLED,2054,500,2100,DISABLED,DISABLED,2044,500,2100,DISABLED,DISABLED,2062,500,2100,DISABLED,DISABLED,2052,500,2100,DISABLED,DISABLED,1500,900,1500,N/A,DISABLED,53,914,1680,N/A,ENABLED,53,914,1680,N/A,ENABLED,53,914,1680,N/A,ENABLED,53,914,1680,N/A,ENABLED,44,711,1400,N/A,ENABLED,44,711,1400,N/A,ENABLED,44,711,1400,N/A,ENABLED,44,711,1400,N/A,ENABLED,N/A,61,61
1743961054,0,818,N/A,N/A,N/A,N/A,ENABLED,2039,500,2100,DISABLED,DISABLED,2026,500,2100,DISABLED,DISABLED,2041,500,2100,DISABLED,DISABLED,2042,500,2100,DISABLED,DISABLED,2048,500,2100,DISABLED,DISABLED,2038,500,2100,DISABLED,DISABLED,2047,500,2100,DISABLED,DISABLED,2042,500,2100,DISABLED,DISABLED,1500,900,1500,N/A,DISABLED,53,914,1680,N/A,ENABLED,53,914,1680,N/A,ENABLED,53,914,1680,N/A,ENABLED,53,914,1680,N/A,ENABLED,44,711,1400,N/A,ENABLED,44,711,1400,N/A,ENABLED,44,711,1400,N/A,ENABLED,44,711,1400,N/A,ENABLED,N/A,66,68,1,787,N/A,N/A,N/A,N/A,ENABLED,2067,500,2100,DISABLED,DISABLED,2066,500,2100,DISABLED,DISABLED,2073,500,2100,DISABLED,DISABLED,2058,500,2100,DISABLED,DISABLED,2063,500,2100,DISABLED,DISABLED,2063,500,2100,DISABLED,DISABLED,2063,500,2100,DISABLED,DISABLED,2060,500,2100,DISABLED,DISABLED,1500,900,1500,N/A,DISABLED,53,914,1680,N/A,ENABLED,53,914,1680,N/A,ENABLED,53,914,1680,N/A,ENABLED,53,914,1680,N/A,ENABLED,44,711,1400,N/A,ENABLED,44,711,1400,N/A,ENABLED,44,711,1400,N/A,ENABLED,44,711,1400,N/A,ENABLED,N/A,57,60,2,796,N/A,N/A,N/A,N/A,ENABLED,2044,500,2100,DISABLED,DISABLED,2035,500,2100,DISABLED,DISABLED,2045,500,2100,DISABLED,DISABLED,2031,500,2100,DISABLED,DISABLED,2038,500,2100,DISABLED,DISABLED,2024,500,2100,DISABLED,DISABLED,2047,500,2100,DISABLED,DISABLED,2044,500,2100,DISABLED,DISABLED,1500,900,1500,N/A,DISABLED,53,914,1680,N/A,ENABLED,53,914,1680,N/A,ENABLED,53,914,1680,N/A,ENABLED,53,914,1680,N/A,ENABLED,44,711,1400,N/A,ENABLED,44,711,1400,N/A,ENABLED,44,711,1400,N/A,ENABLED,44,711,1400,N/A,ENABLED,N/A,58,61,3,826,N/A,N/A,N/A,N/A,ENABLED,1997,500,2100,DISABLED,DISABLED,1997,500,2100,DISABLED,DISABLED,1996,500,2100,DISABLED,DISABLED,1992,500,2100,DISABLED,DISABLED,1988,500,2100,DISABLED,DISABLED,1985,500,2100,DISABLED,DISABLED,1993,500,2100,DISABLED,DISABLED,1987,500,2100,DISABLED,DISABLED,1500,900,1500,N/A,DISABLED,53,914,1680,N/A,ENABLED,53,914,1680,N/A,ENABLED,53,914,1680,N/A,ENABLED,53,914,1680,N/A,ENABLED,44,711,1400,N/A,ENABLED,44,711,1400,N/A,ENABLED,44,711,1400,N/A,ENABLED,44,711,1400,N/A,ENABLED,N/A,71,70,4,814,N/A,N/A,N/A,N/A,ENABLED,2055,500,2100,DISABLED,DISABLED,2049,500,2100,DISABLED,DISABLED,2059,500,2100,DISABLED,DISABLED,2047,500,2100,DISABLED,DISABLED,2055,500,2100,DISABLED,DISABLED,2051,500,2100,DISABLED,DISABLED,2053,500,2100,DISABLED,DISABLED,2043,500,2100,DISABLED,DISABLED,1500,900,1500,N/A,DISABLED,53,914,1680,N/A,ENABLED,53,914,1680,N/A,ENABLED,53,914,1680,N/A,ENABLED,53,914,1680,N/A,ENABLED,44,711,1400,N/A,ENABLED,44,711,1400,N/A,ENABLED,44,711,1400,N/A,ENABLED,44,711,1400,N/A,ENABLED,N/A,66,69,5,808,N/A,N/A,N/A,N/A,ENABLED,2059,500,2100,DISABLED,DISABLED,2056,500,2100,DISABLED,DISABLED,2057,500,2100,DISABLED,DISABLED,2054,500,2100,DISABLED,DISABLED,2068,500,2100,DISABLED,DISABLED,2053,500,2100,DISABLED,DISABLED,2065,500,2100,DISABLED,DISABLED,2053,500,2100,DISABLED,DISABLED,1500,900,1500,N/A,DISABLED,53,914,1680,N/A,ENABLED,53,914,1680,N/A,ENABLED,53,914,1680,N/A,ENABLED,53,914,1680,N/A,ENABLED,44,711,1400,N/A,ENABLED,44,711,1400,N/A,ENABLED,44,711,1400,N/A,ENABLED,44,711,1400,N/A,ENABLED,N/A,57,59,6,836,N/A,N/A,N/A,N/A,ENABLED,2007,500,2100,DISABLED,DISABLED,1997,500,2100,DISABLED,DISABLED,2020,500,2100,DISABLED,DISABLED,2011,500,2100,DISABLED,DISABLED,2018,500,2100,DISABLED,DISABLED,1998,500,2100,DISABLED,DISABLED,2012,500,2100,DISABLED,DISABLED,2009,500,2100,DISABLED,DISABLED,1500,900,1500,N/A,DISABLED,53,914,1680,N/A,ENABLED,53,914,1680,N/A,ENABLED,53,914,1680,N/A,ENABLED,53,914,1680,N/A,ENABLED,44,711,1400,N/A,ENABLED,44,711,1400,N/A,ENABLED,44,711,1400,N/A,ENABLED,44,711,1400,N/A,ENABLED,N/A,67,70,7,809,N/A,N/A,N/A,N/A,ENABLED,2049,500,2100,DISABLED,DISABLED,2045,500,2100,DISABLED,DISABLED,2056,500,2100,DISABLED,DISABLED,2051,500,2100,DISABLED,DISABLED,2052,500,2100,DISABLED,DISABLED,2041,500,2100,DISABLED,DISABLED,2060,500,2100,DISABLED,DISABLED,2049,500,2100,DISABLED,DISABLED,1500,900,1500,N/A,DISABLED,53,914,1680,N/A,ENABLED,53,914,1680,N/A,ENABLED,53,914,1680,N/A,ENABLED,53,914,1680,N/A,ENABLED,44,711,1400,N/A,ENABLED,44,711,1400,N/A,ENABLED,44,711,1400,N/A,ENABLED,44,711,1400,N/A,ENABLED,N/A,61,62
1743961055,0,814,N/A,N/A,N/A,N/A,ENABLED,2033,500,2100,DISABLED,DISABLED,2019,500,2100,DISABLED,DISABLED,2034,500,2100,DISABLED,DISABLED,2035,500,2100,DISABLED,DISABLED,2042,500,2100,DISABLED,DISABLED,2030,500,2100,DISABLED,DISABLED,2040,500,2100,DISABLED,DISABLED,2034,500,2100,DISABLED,DISABLED,1498,900,1500,N/A,DISABLED,52,914,1680,N/A,ENABLED,52,914,1680,N/A,ENABLED,52,914,1680,N/A,ENABLED,52,914,1680,N/A,ENABLED,44,711,1400,N/A,ENABLED,44,711,1400,N/A,ENABLED,44,711,1400,N/A,ENABLED,44,711,1400,N/A,ENABLED,N/A,66,69,1,781,N/A,N/A,N/A,N/A,ENABLED,2061,500,2100,DISABLED,DISABLED,2061,500,2100,DISABLED,DISABLED,2067,500,2100,DISABLED,DISABLED,2051,500,2100,DISABLED,DISABLED,2057,500,2100,DISABLED,DISABLED,2057,500,2100,DISABLED,DISABLED,2056,500,2100,DISABLED,DISABLED,2054,500,2100,DISABLED,DISABLED,1499,900,1500,N/A,DISABLED,52,914,1680,N/A,ENABLED,52,914,1680,N/A,ENABLED,52,914,1680,N/A,ENABLED,52,914,1680,N/A,ENABLED,44,711,1400,N/A,ENABLED,44,711,1400,N/A,ENABLED,44,711,1400,N/A,ENABLED,44,711,1400,N/A,ENABLED,N/A,58,60,2,792,N/A,N/A,N/A,N/A,ENABLED,2032,500,2100,DISABLED,DISABLED,2024,500,2100,DISABLED,DISABLED,2033,500,2100,DISABLED,DISABLED,2019,500,2100,DISABLED,DISABLED,2027,500,2100,DISABLED,DISABLED,2012,500,2100,DISABLED,DISABLED,2035,500,2100,DISABLED,DISABLED,2032,500,2100,DISABLED,DISABLED,1498,900,1500,N/A,DISABLED,52,914,1680,N/A,ENABLED,52,914,1680,N/A,ENABLED,52,914,1680,N/A,ENABLED,52,914,1680,N/A,ENABLED,44,711,1400,N/A,ENABLED,44,711,1400,N/A,ENABLED,44,711,1400,N/A,ENABLED,44,711,1400,N/A,ENABLED,N/A,58,62,3,822,N/A,N/A,N/A,N/A,ENABLED,1994,500,2100,DISABLED,DISABLED,1995,500,2100,DISABLED,DISABLED,1994,500,2100,DISABLED,DISABLED,1990,500,2100,DISABLED,DISABLED,1986,500,2100,DISABLED,DISABLED,1983,500,2100,DISABLED,DISABLED,1990,500,2100,DISABLED,DISABLED,1986,500,2100,DISABLED,DISABLED,1498,900,1500,N/A,DISABLED,52,914,1680,N/A,ENABLED,52,914,1680,N/A,ENABLED,52,914,1680,N/A,ENABLED,52,914,1680,N/A,ENABLED,44,711,1400,N/A,ENABLED,44,711,1400,N/A,ENABLED,44,711,1400,N/A,ENABLED,44,711,1400,N/A,ENABLED,N/A,72,70,4,813,N/A,N/A,N/A,N/A,ENABLED,2048,500,2100,DISABLED,DISABLED,2042,500,2100,DISABLED,DISABLED,2051,500,2100,DISABLED,DISABLED,2040,500,2100,DISABLED,DISABLED,2048,500,2100,DISABLED,DISABLED,2045,500,2100,DISABLED,DISABLED,2046,500,2100,DISABLED,DISABLED,2036,500,2100,DISABLED,DISABLED,1497,900,1500,N/A,DISABLED,52,914,1680,N/A,ENABLED,52,914,1680,N/A,ENABLED,52,914,1680,N/A,ENABLED,52,914,1680,N/A,ENABLED,44,711,1400,N/A,ENABLED,44,711,1400,N/A,ENABLED,44,711,1400,N/A,ENABLED,44,711,1400,N/A,ENABLED,N/A,67,69,5,800,N/A,N/A,N/A,N/A,ENABLED,2043,500,2100,DISABLED,DISABLED,2042,500,2100,DISABLED,DISABLED,2039,500,2100,DISABLED,DISABLED,2039,500,2100,DISABLED,DISABLED,2054,500,2100,DISABLED,DISABLED,2039,500,2100,DISABLED,DISABLED,2051,500,2100,DISABLED,DISABLED,2039,500,2100,DISABLED,DISABLED,1495,900,1500,N/A,DISABLED,52,914,1680,N/A,ENABLED,52,914,1680,N/A,ENABLED,52,914,1680,N/A,ENABLED,52,914,1680,N/A,ENABLED,44,711,1400,N/A,ENABLED,44,711,1400,N/A,ENABLED,44,711,1400,N/A,ENABLED,44,711,1400,N/A,ENABLED,N/A,58,60,6,829,N/A,N/A,N/A,N/A,ENABLED,2000,500,2100,DISABLED,DISABLED,1990,500,2100,DISABLED,DISABLED,2014,500,2100,DISABLED,DISABLED,2005,500,2100,DISABLED,DISABLED,2010,500,2100,DISABLED,DISABLED,1991,500,2100,DISABLED,DISABLED,2006,500,2100,DISABLED,DISABLED,2002,500,2100,DISABLED,DISABLED,1500,900,1500,N/A,DISABLED,53,914,1680,N/A,ENABLED,53,914,1680,N/A,ENABLED,53,914,1680,N/A,ENABLED,53,914,1680,N/A,ENABLED,44,711,1400,N/A,ENABLED,44,711,1400,N/A,ENABLED,44,711,1400,N/A,ENABLED,44,711,1400,N/A,ENABLED,N/A,68,71,7,802,N/A,N/A,N/A,N/A,ENABLED,2042,500,2100,DISABLED,DISABLED,2037,500,2100,DISABLED,DISABLED,2049,500,2100,DISABLED,DISABLED,2045,500,2100,DISABLED,DISABLED,2045,500,2100,DISABLED,DISABLED,2034,500,2100,DISABLED,DISABLED,2053,500,2100,DISABLED,DISABLED,2042,500,2100,DISABLED,DISABLED,1498,900,1500,N/A,DISABLED,52,914,1680,N/A,ENABLED,52,914,1680,N/A,ENABLED,52,914,1680,N/A,ENABLED,52,914,1680,N/A,ENABLED,44,711,1400,N/A,ENABLED,44,711,1400,N/A,ENABLED,44,711,1400,N/A,ENABLED,44,711,1400,N/A,ENABLED,N/A,62,62
1743961056,0,815,N/A,N/A,N/A,N/A,ENABLED,2032,500,2100,DISABLED,DISABLED,2018,500,2100,DISABLED,DISABLED,2033,500,2100,DISABLED,DISABLED,2034,500,2100,DISABLED,DISABLED,2040,500,2100,DISABLED,DISABLED,2029,500,2100,DISABLED,DISABLED,2039,500,2100,DISABLED,DISABLED,2033,500,2100,DISABLED,DISABLED,1500,900,1500,N/A,DISABLED,53,914,1680,N/A,ENABLED,53,914,1680,N/A,ENABLED,53,914,1680,N/A,ENABLED,53,914,1680,N/A,ENABLED,44,711,1400,N/A,ENABLED,44,711,1400,N/A,ENABLED,44,711,1400,N/A,ENABLED,44,711,1400,N/A,ENABLED,N/A,67,69,1,786,N/A,N/A,N/A,N/A,ENABLED,2061,500,2100,DISABLED,DISABLED,2061,500,2100,DISABLED,DISABLED,2066,500,2100,DISABLED,DISABLED,2050,500,2100,DISABLED,DISABLED,2057,500,2100,DISABLED,DISABLED,2056,500,2100,DISABLED,DISABLED,2057,500,2100,DISABLED,DISABLED,2054,500,2100,DISABLED,DISABLED,1500,900,1500,N/A,DISABLED,53,914,1680,N/A,ENABLED,53,914,1680,N/A,ENABLED,53,914,1680,N/A,ENABLED,53,914,1680,N/A,ENABLED,44,711,1400,N/A,ENABLED,44,711,1400,N/A,ENABLED,44,711,1400,N/A,ENABLED,44,711,1400,N/A,ENABLED,N/A,58,60,2,797,N/A,N/A,N/A,N/A,ENABLED,2031,500,2100,DISABLED,DISABLED,2024,500,2100,DISABLED,DISABLED,2032,500,2100,DISABLED,DISABLED,2019,500,2100,DISABLED,DISABLED,2026,500,2100,DISABLED,DISABLED,2012,500,2100,DISABLED,DISABLED,2036,500,2100,DISABLED,DISABLED,2033,500,2100,DISABLED,DISABLED,1500,900,1500,N/A,DISABLED,53,914,1680,N/A,ENABLED,53,914,1680,N/A,ENABLED,53,914,1680,N/A,ENABLED,53,914,1680,N/A,ENABLED,44,711,1400,N/A,ENABLED,44,711,1400,N/A,ENABLED,44,711,1400,N/A,ENABLED,44,711,1400,N/A,ENABLED,N/A,59,62,3,831,N/A,N/A,N/A,N/A,ENABLED,1987,500,2100,DISABLED,DISABLED,1987,500,2100,DISABLED,DISABLED,1987,500,2100,DISABLED,DISABLED,1981,500,2100,DISABLED,DISABLED,1978,500,2100,DISABLED,DISABLED,1975,500,2100,DISABLED,DISABLED,1982,500,2100,DISABLED,DISABLED,1979,500,2100,DISABLED,DISABLED,1500,900,1500,N/A,DISABLED,53,914,1680,N/A,ENABLED,53,914,1680,N/A,ENABLED,53,914,1680,N/A,ENABLED,53,914,1680,N/A,ENABLED,44,711,1400,N/A,ENABLED,44,711,1400,N/A,ENABLED,44,711,1400,N/A,ENABLED,44,711,1400,N/A,ENABLED,N/A,73,71,4,818,N/A,N/A,N/A,N/A,ENABLED,2051,500,2100,DISABLED,DISABLED,2045,500,2100,DISABLED,DISABLED,2055,500,2100,DISABLED,DISABLED,2042,500,2100,DISABLED,DISABLED,2050,500,2100,DISABLED,DISABLED,2047,500,2100,DISABLED,DISABLED,2049,500,2100,DISABLED,DISABLED,2039,500,2100,DISABLED,DISABLED,1500,900,1500,N/A,DISABLED,53,914,1680,N/A,ENABLED,53,914,1680,N/A,ENABLED,53,914,1680,N/A,ENABLED,53,914,1680,N/A,ENABLED,44,711,1400,N/A,ENABLED,44,711,1400,N/A,ENABLED,44,711,1400,N/A,ENABLED,44,711,1400,N/A,ENABLED,N/A,67,70,5,808,N/A,N/A,N/A,N/A,ENABLED,2054,500,2100,DISABLED,DISABLED,2051,500,2100,DISABLED,DISABLED,2051,500,2100,DISABLED,DISABLED,2048,500,2100,DISABLED,DISABLED,2062,500,2100,DISABLED,DISABLED,2048,500,2100,DISABLED,DISABLED,2060,500,2100,DISABLED,DISABLED,2048,500,2100,DISABLED,DISABLED,1500,900,1500,N/A,DISABLED,53,914,1680,N/A,ENABLED,53,914,1680,N/A,ENABLED,53,914,1680,N/A,ENABLED,53,914,1680,N/A,ENABLED,44,711,1400,N/A,ENABLED,44,711,1400,N/A,ENABLED,44,711,1400,N/A,ENABLED,44,711,1400,N/A,ENABLED,N/A,58,61,6,837,N/A,N/A,N/A,N/A,ENABLED,1997,500,2100,DISABLED,DISABLED,1988,500,2100,DISABLED,DISABLED,2011,500,2100,DISABLED,DISABLED,2001,500,2100,DISABLED,DISABLED,2007,500,2100,DISABLED,DISABLED,1988,500,2100,DISABLED,DISABLED,2003,500,2100,DISABLED,DISABLED,1999,500,2100,DISABLED,DISABLED,1500,900,1500,N/A,DISABLED,53,914,1680,N/A,ENABLED,53,914,1680,N/A,ENABLED,53,914,1680,N/A,ENABLED,53,914,1680,N/A,ENABLED,44,711,1400,N/A,ENABLED,44,711,1400,N/A,ENABLED,44,711,1400,N/A,ENABLED,44,711,1400,N/A,ENABLED,N/A,69,72,7,802,N/A,N/A,N/A,N/A,ENABLED,2043,500,2100,DISABLED,DISABLED,2039,500,2100,DISABLED,DISABLED,2051,500,2100,DISABLED,DISABLED,2045,500,2100,DISABLED,DISABLED,2046,500,2100,DISABLED,DISABLED,2034,500,2100,DISABLED,DISABLED,2054,500,2100,DISABLED,DISABLED,2042,500,2100,DISABLED,DISABLED,1500,900,1500,N/A,DISABLED,53,914,1680,N/A,ENABLED,53,914,1680,N/A,ENABLED,53,914,1680,N/A,ENABLED,53,914,1680,N/A,ENABLED,44,711,1400,N/A,ENABLED,44,711,1400,N/A,ENABLED,44,711,1400,N/A,ENABLED,44,711,1400,N/A,ENABLED,N/A,62,63
1743961058,0,820,N/A,N/A,N/A,N/A,ENABLED,2030,500,2100,DISABLED,DISABLED,2015,500,2100,DISABLED,DISABLED,2031,500,2100,DISABLED,DISABLED,2032,500,2100,DISABLED,DISABLED,2038,500,2100,DISABLED,DISABLED,2027,500,2100,DISABLED,DISABLED,2036,500,2100,DISABLED,DISABLED,2032,500,2100,DISABLED,DISABLED,1500,900,1500,N/A,DISABLED,53,914,1680,N/A,ENABLED,53,914,1680,N/A,ENABLED,53,914,1680,N/A,ENABLED,53,914,1680,N/A,ENABLED,44,711,1400,N/A,ENABLED,44,711,1400,N/A,ENABLED,44,711,1400,N/A,ENABLED,44,711,1400,N/A,ENABLED,N/A,67,70,1,790,N/A,N/A,N/A,N/A,ENABLED,2059,500,2100,DISABLED,DISABLED,2058,500,2100,DISABLED,DISABLED,2063,500,2100,DISABLED,DISABLED,2047,500,2100,DISABLED,DISABLED,2054,500,2100,DISABLED,DISABLED,2054,500,2100,DISABLED,DISABLED,2054,500,2100,DISABLED,DISABLED,2051,500,2100,DISABLED,DISABLED,1500,900,1500,N/A,DISABLED,53,914,1680,N/A,ENABLED,53,914,1680,N/A,ENABLED,53,914,1680,N/A,ENABLED,53,914,1680,N/A,ENABLED,44,711,1400,N/A,ENABLED,44,711,1400,N/A,ENABLED,44,711,1400,N/A,ENABLED,44,711,1400,N/A,ENABLED,N/A,59,61,2,800,N/A,N/A,N/A,N/A,ENABLED,2027,500,2100,DISABLED,DISABLED,2019,500,2100,DISABLED,DISABLED,2027,500,2100,DISABLED,DISABLED,2014,500,2100,DISABLED,DISABLED,2021,500,2100,DISABLED,DISABLED,2007,500,2100,DISABLED,DISABLED,2031,500,2100,DISABLED,DISABLED,2027,500,2100,DISABLED,DISABLED,1500,900,1500,N/A,DISABLED,53,914,1680,N/A,ENABLED,53,914,1680,N/A,ENABLED,53,914,1680,N/A,ENABLED,53,914,1680,N/A,ENABLED,44,711,1400,N/A,ENABLED,44,711,1400,N/A,ENABLED,44,711,1400,N/A,ENABLED,44,711,1400,N/A,ENABLED,N/A,59,63,3,829,N/A,N/A,N/A,N/A,ENABLED,1982,500,2100,DISABLED,DISABLED,1982,500,2100,DISABLED,DISABLED,1982,500,2100,DISABLED,DISABLED,1978,500,2100,DISABLED,DISABLED,1975,500,2100,DISABLED,DISABLED,1970,500,2100,DISABLED,DISABLED,1976,500,2100,DISABLED,DISABLED,1975,500,2100,DISABLED,DISABLED,1500,900,1500,N/A,DISABLED,53,914,1680,N/A,ENABLED,53,914,1680,N/A,ENABLED,53,914,1680,N/A,ENABLED,53,914,1680,N/A,ENABLED,44,711,1400,N/A,ENABLED,44,711,1400,N/A,ENABLED,44,711,1400,N/A,ENABLED,44,711,1400,N/A,ENABLED,N/A,73,71,4,819,N/A,N/A,N/A,N/A,ENABLED,2048,500,2100,DISABLED,DISABLED,2042,500,2100,DISABLED,DISABLED,2052,500,2100,DISABLED,DISABLED,2040,500,2100,DISABLED,DISABLED,2047,500,2100,DISABLED,DISABLED,2043,500,2100,DISABLED,DISABLED,2046,500,2100,DISABLED,DISABLED,2035,500,2100,DISABLED,DISABLED,1500,900,1500,N/A,DISABLED,53,914,1680,N/A,ENABLED,53,914,1680,N/A,ENABLED,53,914,1680,N/A,ENABLED,53,914,1680,N/A,ENABLED,44,711,1400,N/A,ENABLED,44,711,1400,N/A,ENABLED,44,711,1400,N/A,ENABLED,44,711,1400,N/A,ENABLED,N/A,68,70,5,810,N/A,N/A,N/A,N/A,ENABLED,2051,500,2100,DISABLED,DISABLED,2049,500,2100,DISABLED,DISABLED,2049,500,2100,DISABLED,DISABLED,2045,500,2100,DISABLED,DISABLED,2060,500,2100,DISABLED,DISABLED,2046,500,2100,DISABLED,DISABLED,2058,500,2100,DISABLED,DISABLED,2046,500,2100,DISABLED,DISABLED,1500,900,1500,N/A,DISABLED,53,914,1680,N/A,ENABLED,53,914,1680,N/A,ENABLED,53,914,1680,N/A,ENABLED,53,914,1680,N/A,ENABLED,44,711,1400,N/A,ENABLED,44,711,1400,N/A,ENABLED,44,711,1400,N/A,ENABLED,44,711,1400,N/A,ENABLED,N/A,59,61,6,835,N/A,N/A,N/A,N/A,ENABLED,1989,500,2100,DISABLED,DISABLED,1980,500,2100,DISABLED,DISABLED,2003,500,2100,DISABLED,DISABLED,1993,500,2100,DISABLED,DISABLED,2000,500,2100,DISABLED,DISABLED,1980,500,2100,DISABLED,DISABLED,1995,500,2100,DISABLED,DISABLED,1991,500,2100,DISABLED,DISABLED,1500,900,1500,N/A,DISABLED,53,914,1680,N/A,ENABLED,53,914,1680,N/A,ENABLED,53,914,1680,N/A,ENABLED,53,914,1680,N/A,ENABLED,44,711,1400,N/A,ENABLED,44,711,1400,N/A,ENABLED,44,711,1400,N/A,ENABLED,44,711,1400,N/A,ENABLED,N/A,69,72,7,806,N/A,N/A,N/A,N/A,ENABLED,2039,500,2100,DISABLED,DISABLED,2035,500,2100,DISABLED,DISABLED,2047,500,2100,DISABLED,DISABLED,2042,500,2100,DISABLED,DISABLED,2043,500,2100,DISABLED,DISABLED,2031,500,2100,DISABLED,DISABLED,2050,500,2100,DISABLED,DISABLED,2040,500,2100,DISABLED,DISABLED,1500,900,1500,N/A,DISABLED,53,914,1680,N/A,ENABLED,53,914,1680,N/A,ENABLED,53,914,1680,N/A,ENABLED,53,914,1680,N/A,ENABLED,44,711,1400,N/A,ENABLED,44,711,1400,N/A,ENABLED,44,711,1400,N/A,ENABLED,44,711,1400,N/A,ENABLED,N/A,62,63
1743961059,0,828,N/A,N/A,N/A,N/A,ENABLED,2026,500,2100,DISABLED,DISABLED,2011,500,2100,DISABLED,DISABLED,2027,500,2100,DISABLED,DISABLED,2028,500,2100,DISABLED,DISABLED,2034,500,2100,DISABLED,DISABLED,2023,500,2100,DISABLED,DISABLED,2032,500,2100,DISABLED,DISABLED,2028,500,2100,DISABLED,DISABLED,1500,900,1500,N/A,DISABLED,53,914,1680,N/A,ENABLED,53,914,1680,N/A,ENABLED,53,914,1680,N/A,ENABLED,53,914,1680,N/A,ENABLED,44,711,1400,N/A,ENABLED,44,711,1400,N/A,ENABLED,44,711,1400,N/A,ENABLED,44,711,1400,N/A,ENABLED,N/A,68,70,1,787,N/A,N/A,N/A,N/A,ENABLED,2056,500,2100,DISABLED,DISABLED,2056,500,2100,DISABLED,DISABLED,2062,500,2100,DISABLED,DISABLED,2045,500,2100,DISABLED,DISABLED,2052,500,2100,DISABLED,DISABLED,2053,500,2100,DISABLED,DISABLED,2052,500,2100,DISABLED,DISABLED,2049,500,2100,DISABLED,DISABLED,1500,900,1500,N/A,DISABLED,53,914,1680,N/A,ENABLED,53,914,1680,N/A,ENABLED,53,914,1680,N/A,ENABLED,53,914,1680,N/A,ENABLED,44,711,1400,N/A,ENABLED,44,711,1400,N/A,ENABLED,44,711,1400,N/A,ENABLED,44,711,1400,N/A,ENABLED,N/A,59,61,2,804,N/A,N/A,N/A,N/A,ENABLED,2019,500,2100,DISABLED,DISABLED,2011,500,2100,DISABLED,DISABLED,2020,500,2100,DISABLED,DISABLED,2007,500,2100,DISABLED,DISABLED,2013,500,2100,DISABLED,DISABLED,1999,500,2100,DISABLED,DISABLED,2021,500,2100,DISABLED,DISABLED,2018,500,2100,DISABLED,DISABLED,1500,900,1500,N/A,DISABLED,53,914,1680,N/A,ENABLED,53,914,1680,N/A,ENABLED,53,914,1680,N/A,ENABLED,53,914,1680,N/A,ENABLED,44,711,1400,N/A,ENABLED,44,711,1400,N/A,ENABLED,44,711,1400,N/A,ENABLED,44,711,1400,N/A,ENABLED,N/A,60,64,3,833,N/A,N/A,N/A,N/A,ENABLED,1971,500,2100,DISABLED,DISABLED,1968,500,2100,DISABLED,DISABLED,1970,500,2100,DISABLED,DISABLED,1966,500,2100,DISABLED,DISABLED,1963,500,2100,DISABLED,DISABLED,1959,500,2100,DISABLED,DISABLED,1964,500,2100,DISABLED,DISABLED,1964,500,2100,DISABLED,DISABLED,1500,900,1500,N/A,DISABLED,53,914,1680,N/A,ENABLED,53,914,1680,N/A,ENABLED,53,914,1680,N/A,ENABLED,53,914,1680,N/A,ENABLED,44,711,1400,N/A,ENABLED,44,711,1400,N/A,ENABLED,44,711,1400,N/A,ENABLED,44,711,1400,N/A,ENABLED,N/A,74,72,4,823,N/A,N/A,N/A,N/A,ENABLED,2046,500,2100,DISABLED,DISABLED,2040,500,2100,DISABLED,DISABLED,2049,500,2100,DISABLED,DISABLED,2037,500,2100,DISABLED,DISABLED,2045,500,2100,DISABLED,DISABLED,2041,500,2100,DISABLED,DISABLED,2043,500,2100,DISABLED,DISABLED,2033,500,2100,DISABLED,DISABLED,1500,900,1500,N/A,DISABLED,53,914,1680,N/A,ENABLED,53,914,1680,N/A,ENABLED,53,914,1680,N/A,ENABLED,53,914,1680,N/A,ENABLED,44,711,1400,N/A,ENABLED,44,711,1400,N/A,ENABLED,44,711,1400,N/A,ENABLED,44,711,1400,N/A,ENABLED,N/A,68,71,5,809,N/A,N/A,N/A,N/A,ENABLED,2049,500,2100,DISABLED,DISABLED,2047,500,2100,DISABLED,DISABLED,2046,500,2100,DISABLED,DISABLED,2043,500,2100,DISABLED,DISABLED,2058,500,2100,DISABLED,DISABLED,2044,500,2100,DISABLED,DISABLED,2055,500,2100,DISABLED,DISABLED,2043,500,2100,DISABLED,DISABLED,1500,900,1500,N/A,DISABLED,53,914,1680,N/A,ENABLED,53,914,1680,N/A,ENABLED,53,914,1680,N/A,ENABLED,53,914,1680,N/A,ENABLED,44,711,1400,N/A,ENABLED,44,711,1400,N/A,ENABLED,44,711,1400,N/A,ENABLED,44,711,1400,N/A,ENABLED,N/A,59,61,6,837,N/A,N/A,N/A,N/A,ENABLED,1984,500,2100,DISABLED,DISABLED,1975,500,2100,DISABLED,DISABLED,1998,500,2100,DISABLED,DISABLED,1988,500,2100,DISABLED,DISABLED,1995,500,2100,DISABLED,DISABLED,1976,500,2100,DISABLED,DISABLED,1990,500,2100,DISABLED,DISABLED,1986,500,2100,DISABLED,DISABLED,1500,900,1500,N/A,DISABLED,53,914,1680,N/A,ENABLED,53,914,1680,N/A,ENABLED,53,914,1680,N/A,ENABLED,53,914,1680,N/A,ENABLED,44,711,1400,N/A,ENABLED,44,711,1400,N/A,ENABLED,44,711,1400,N/A,ENABLED,44,711,1400,N/A,ENABLED,N/A,70,73,7,812,N/A,N/A,N/A,N/A,ENABLED,2036,500,2100,DISABLED,DISABLED,2032,500,2100,DISABLED,DISABLED,2044,500,2100,DISABLED,DISABLED,2039,500,2100,DISABLED,DISABLED,2039,500,2100,DISABLED,DISABLED,2028,500,2100,DISABLED,DISABLED,2046,500,2100,DISABLED,DISABLED,2036,500,2100,DISABLED,DISABLED,1500,900,1500,N/A,DISABLED,53,914,1680,N/A,ENABLED,53,914,1680,N/A,ENABLED,53,914,1680,N/A,ENABLED,53,914,1680,N/A,ENABLED,44,711,1400,N/A,ENABLED,44,711,1400,N/A,ENABLED,44,711,1400,N/A,ENABLED,44,711,1400,N/A,ENABLED,N/A,63,63
1743961060,0,821,N/A,N/A,N/A,N/A,ENABLED,2022,500,2100,DISABLED,DISABLED,2008,500,2100,DISABLED,DISABLED,2023,500,2100,DISABLED,DISABLED,2023,500,2100,DISABLED,DISABLED,2030,500,2100,DISABLED,DISABLED,2020,500,2100,DISABLED,DISABLED,2029,500,2100,DISABLED,DISABLED,2024,500,2100,DISABLED,DISABLED,1500,900,1500,N/A,DISABLED,53,914,1680,N/A,ENABLED,53,914,1680,N/A,ENABLED,53,914,1680,N/A,ENABLED,53,914,1680,N/A,ENABLED,44,711,1400,N/A,ENABLED,44,711,1400,N/A,ENABLED,44,711,1400,N/A,ENABLED,44,711,1400,N/A,ENABLED,N/A,68,71,1,787,N/A,N/A,N/A,N/A,ENABLED,2039,500,2100,DISABLED,DISABLED,2040,500,2100,DISABLED,DISABLED,2046,500,2100,DISABLED,DISABLED,2029,500,2100,DISABLED,DISABLED,2037,500,2100,DISABLED,DISABLED,2037,500,2100,DISABLED,DISABLED,2036,500,2100,DISABLED,DISABLED,2029,500,2100,DISABLED,DISABLED,1494,900,1500,N/A,DISABLED,52,914,1680,N/A,ENABLED,52,914,1680,N/A,ENABLED,52,914,1680,N/A,ENABLED,52,914,1680,N/A,ENABLED,44,711,1400,N/A,ENABLED,44,711,1400,N/A,ENABLED,44,711,1400,N/A,ENABLED,44,711,1400,N/A,ENABLED,N/A,59,61,2,798,N/A,N/A,N/A,N/A,ENABLED,2017,500,2100,DISABLED,DISABLED,2008,500,2100,DISABLED,DISABLED,2016,500,2100,DISABLED,DISABLED,2003,500,2100,DISABLED,DISABLED,2011,500,2100,DISABLED,DISABLED,1995,500,2100,DISABLED,DISABLED,2020,500,2100,DISABLED,DISABLED,2016,500,2100,DISABLED,DISABLED,1500,900,1500,N/A,DISABLED,53,914,1680,N/A,ENABLED,53,914,1680,N/A,ENABLED,53,914,1680,N/A,ENABLED,53,914,1680,N/A,ENABLED,44,711,1400,N/A,ENABLED,44,711,1400,N/A,ENABLED,44,711,1400,N/A,ENABLED,44,711,1400,N/A,ENABLED,N/A,60,64,3,834,N/A,N/A,N/A,N/A,ENABLED,1963,500,2100,DISABLED,DISABLED,1960,500,2100,DISABLED,DISABLED,1964,500,2100,DISABLED,DISABLED,1959,500,2100,DISABLED,DISABLED,1955,500,2100,DISABLED,DISABLED,1951,500,2100,DISABLED,DISABLED,1957,500,2100,DISABLED,DISABLED,1956,500,2100,DISABLED,DISABLED,1500,900,1500,N/A,DISABLED,53,914,1680,N/A,ENABLED,53,914,1680,N/A,ENABLED,53,914,1680,N/A,ENABLED,53,914,1680,N/A,ENABLED,44,711,1400,N/A,ENABLED,44,711,1400,N/A,ENABLED,44,711,1400,N/A,ENABLED,44,711,1400,N/A,ENABLED,N/A,75,72,4,819,N/A,N/A,N/A,N/A,ENABLED,2041,500,2100,DISABLED,DISABLED,2036,500,2100,DISABLED,DISABLED,2046,500,2100,DISABLED,DISABLED,2033,500,2100,DISABLED,DISABLED,2041,500,2100,DISABLED,DISABLED,2037,500,2100,DISABLED,DISABLED,2039,500,2100,DISABLED,DISABLED,2029,500,2100,DISABLED,DISABLED,1500,900,1500,N/A,DISABLED,53,914,1680,N/A,ENABLED,53,914,1680,N/A,ENABLED,53,914,1680,N/A,ENABLED,53,914,1680,N/A,ENABLED,44,711,1400,N/A,ENABLED,44,711,1400,N/A,ENABLED,44,711,1400,N/A,ENABLED,44,711,1400,N/A,ENABLED,N/A,69,71,5,810,N/A,N/A,N/A,N/A,ENABLED,2049,500,2100,DISABLED,DISABLED,2046,500,2100,DISABLED,DISABLED,2046,500,2100,DISABLED,DISABLED,2043,500,2100,DISABLED,DISABLED,2057,500,2100,DISABLED,DISABLED,2043,500,2100,DISABLED,DISABLED,2054,500,2100,DISABLED,DISABLED,2042,500,2100,DISABLED,DISABLED,1500,900,1500,N/A,DISABLED,53,914,1680,N/A,ENABLED,53,914,1680,N/A,ENABLED,53,914,1680,N/A,ENABLED,53,914,1680,N/A,ENABLED,44,711,1400,N/A,ENABLED,44,711,1400,N/A,ENABLED,44,711,1400,N/A,ENABLED,44,711,1400,N/A,ENABLED,N/A,59,62,6,836,N/A,N/A,N/A,N/A,ENABLED,1979,500,2100,DISABLED,DISABLED,1971,500,2100,DISABLED,DISABLED,1994,500,2100,DISABLED,DISABLED,1983,500,2100,DISABLED,DISABLED,1991,500,2100,DISABLED,DISABLED,1970,500,2100,DISABLED,DISABLED,1985,500,2100,DISABLED,DISABLED,1982,500,2100,DISABLED,DISABLED,1500,900,1500,N/A,DISABLED,53,914,1680,N/A,ENABLED,53,914,1680,N/A,ENABLED,53,914,1680,N/A,ENABLED,53,914,1680,N/A,ENABLED,44,711,1400,N/A,ENABLED,44,711,1400,N/A,ENABLED,44,711,1400,N/A,ENABLED,44,711,1400,N/A,ENABLED,N/A,70,73,7,811,N/A,N/A,N/A,N/A,ENABLED,2033,500,2100,DISABLED,DISABLED,2028,500,2100,DISABLED,DISABLED,2040,500,2100,DISABLED,DISABLED,2036,500,2100,DISABLED,DISABLED,2037,500,2100,DISABLED,DISABLED,2025,500,2100,DISABLED,DISABLED,2043,500,2100,DISABLED,DISABLED,2033,500,2100,DISABLED,DISABLED,1500,900,1500,N/A,DISABLED,53,914,1680,N/A,ENABLED,53,914,1680,N/A,ENABLED,53,914,1680,N/A,ENABLED,53,914,1680,N/A,ENABLED,44,711,1400,N/A,ENABLED,44,711,1400,N/A,ENABLED,44,711,1400,N/A,ENABLED,44,711,1400,N/A,ENABLED,N/A,63,64
1743961061,0,825,N/A,N/A,N/A,N/A,ENABLED,2011,500,2100,DISABLED,DISABLED,1997,500,2100,DISABLED,DISABLED,2013,500,2100,DISABLED,DISABLED,2013,500,2100,DISABLED,DISABLED,2020,500,2100,DISABLED,DISABLED,2008,500,2100,DISABLED,DISABLED,2017,500,2100,DISABLED,DISABLED,2013,500,2100,DISABLED,DISABLED,1500,900,1500,N/A,DISABLED,53,914,1680,N/A,ENABLED,53,914,1680,N/A,ENABLED,53,914,1680,N/A,ENABLED,53,914,1680,N/A,ENABLED,44,711,1400,N/A,ENABLED,44,711,1400,N/A,ENABLED,44,711,1400,N/A,ENABLED,44,711,1400,N/A,ENABLED,N/A,69,72,1,793,N/A,N/A,N/A,N/A,ENABLED,2052,500,2100,DISABLED,DISABLED,2051,500,2100,DISABLED,DISABLED,2057,500,2100,DISABLED,DISABLED,2040,500,2100,DISABLED,DISABLED,2048,500,2100,DISABLED,DISABLED,2047,500,2100,DISABLED,DISABLED,2047,500,2100,DISABLED,DISABLED,2044,500,2100,DISABLED,DISABLED,1500,900,1500,N/A,DISABLED,53,914,1680,N/A,ENABLED,53,914,1680,N/A,ENABLED,53,914,1680,N/A,ENABLED,53,914,1680,N/A,ENABLED,44,711,1400,N/A,ENABLED,44,711,1400,N/A,ENABLED,44,711,1400,N/A,ENABLED,44,711,1400,N/A,ENABLED,N/A,60,62,2,802,N/A,N/A,N/A,N/A,ENABLED,2018,500,2100,DISABLED,DISABLED,2010,500,2100,DISABLED,DISABLED,2018,500,2100,DISABLED,DISABLED,2006,500,2100,DISABLED,DISABLED,2013,500,2100,DISABLED,DISABLED,1997,500,2100,DISABLED,DISABLED,2021,500,2100,DISABLED,DISABLED,2017,500,2100,DISABLED,DISABLED,1500,900,1500,N/A,DISABLED,53,914,1680,N/A,ENABLED,53,914,1680,N/A,ENABLED,53,914,1680,N/A,ENABLED,53,914,1680,N/A,ENABLED,44,711,1400,N/A,ENABLED,44,711,1400,N/A,ENABLED,44,711,1400,N/A,ENABLED,44,711,1400,N/A,ENABLED,N/A,60,64,3,837,N/A,N/A,N/A,N/A,ENABLED,1966,500,2100,DISABLED,DISABLED,1962,500,2100,DISABLED,DISABLED,1965,500,2100,DISABLED,DISABLED,1960,500,2100,DISABLED,DISABLED,1958,500,2100,DISABLED,DISABLED,1953,500,2100,DISABLED,DISABLED,1960,500,2100,DISABLED,DISABLED,1959,500,2100,DISABLED,DISABLED,1500,900,1500,N/A,DISABLED,53,914,1680,N/A,ENABLED,53,914,1680,N/A,ENABLED,53,914,1680,N/A,ENABLED,53,914,1680,N/A,ENABLED,44,711,1400,N/A,ENABLED,44,711,1400,N/A,ENABLED,44,711,1400,N/A,ENABLED,44,711,1400,N/A,ENABLED,N/A,75,73,4,827,N/A,N/A,N/A,N/A,ENABLED,2036,500,2100,DISABLED,DISABLED,2030,500,2100,DISABLED,DISABLED,2040,500,2100,DISABLED,DISABLED,2028,500,2100,DISABLED,DISABLED,2035,500,2100,DISABLED,DISABLED,2031,500,2100,DISABLED,DISABLED,2033,500,2100,DISABLED,DISABLED,2024,500,2100,DISABLED,DISABLED,1500,900,1500,N/A,DISABLED,53,914,1680,N/A,ENABLED,53,914,1680,N/A,ENABLED,53,914,1680,N/A,ENABLED,53,914,1680,N/A,ENABLED,44,711,1400,N/A,ENABLED,44,711,1400,N/A,ENABLED,44,711,1400,N/A,ENABLED,44,711,1400,N/A,ENABLED,N/A,69,72,5,814,N/A,N/A,N/A,N/A,ENABLED,2047,500,2100,DISABLED,DISABLED,2044,500,2100,DISABLED,DISABLED,2044,500,2100,DISABLED,DISABLED,2042,500,2100,DISABLED,DISABLED,2056,500,2100,DISABLED,DISABLED,2041,500,2100,DISABLED,DISABLED,2053,500,2100,DISABLED,DISABLED,2041,500,2100,DISABLED,DISABLED,1500,900,1500,N/A,DISABLED,53,914,1680,N/A,ENABLED,53,914,1680,N/A,ENABLED,53,914,1680,N/A,ENABLED,53,914,1680,N/A,ENABLED,44,711,1400,N/A,ENABLED,44,711,1400,N/A,ENABLED,44,711,1400,N/A,ENABLED,44,711,1400,N/A,ENABLED,N/A,60,62,6,845,N/A,N/A,N/A,N/A,ENABLED,1975,500,2100,DISABLED,DISABLED,1967,500,2100,DISABLED,DISABLED,1990,500,2100,DISABLED,DISABLED,1979,500,2100,DISABLED,DISABLED,1987,500,2100,DISABLED,DISABLED,1966,500,2100,DISABLED,DISABLED,1982,500,2100,DISABLED,DISABLED,1977,500,2100,DISABLED,DISABLED,1500,900,1500,N/A,DISABLED,53,914,1680,N/A,ENABLED,53,914,1680,N/A,ENABLED,53,914,1680,N/A,ENABLED,53,914,1680,N/A,ENABLED,44,711,1400,N/A,ENABLED,44,711,1400,N/A,ENABLED,44,711,1400,N/A,ENABLED,44,711,1400,N/A,ENABLED,N/A,71,74,7,809,N/A,N/A,N/A,N/A,ENABLED,2030,500,2100,DISABLED,DISABLED,2025,500,2100,DISABLED,DISABLED,2036,500,2100,DISABLED,DISABLED,2033,500,2100,DISABLED,DISABLED,2033,500,2100,DISABLED,DISABLED,2021,500,2100,DISABLED,DISABLED,2040,500,2100,DISABLED,DISABLED,2030,500,2100,DISABLED,DISABLED,1500,900,1500,N/A,DISABLED,53,914,1680,N/A,ENABLED,53,914,1680,N/A,ENABLED,53,914,1680,N/A,ENABLED,53,914,1680,N/A,ENABLED,44,711,1400,N/A,ENABLED,44,711,1400,N/A,ENABLED,44,711,1400,N/A,ENABLED,44,711,1400,N/A,ENABLED,N/A,64,65
1743961063,0,830,N/A,N/A,N/A,N/A,ENABLED,2008,500,2100,DISABLED,DISABLED,1993,500,2100,DISABLED,DISABLED,2009,500,2100,DISABLED,DISABLED,2010,500,2100,DISABLED,DISABLED,2016,500,2100,DISABLED,DISABLED,2005,500,2100,DISABLED,DISABLED,2014,500,2100,DISABLED,DISABLED,2009,500,2100,DISABLED,DISABLED,1500,900,1500,N/A,DISABLED,53,914,1680,N/A,ENABLED,53,914,1680,N/A,ENABLED,53,914,1680,N/A,ENABLED,53,914,1680,N/A,ENABLED,44,711,1400,N/A,ENABLED,44,711,1400,N/A,ENABLED,44,711,1400,N/A,ENABLED,44,711,1400,N/A,ENABLED,N/A,69,72,1,791,N/A,N/A,N/A,N/A,ENABLED,2049,500,2100,DISABLED,DISABLED,2048,500,2100,DISABLED,DISABLED,2054,500,2100,DISABLED,DISABLED,2037,500,2100,DISABLED,DISABLED,2045,500,2100,DISABLED,DISABLED,2046,500,2100,DISABLED,DISABLED,2044,500,2100,DISABLED,DISABLED,2041,500,2100,DISABLED,DISABLED,1500,900,1500,N/A,DISABLED,53,914,1680,N/A,ENABLED,53,914,1680,N/A,ENABLED,53,914,1680,N/A,ENABLED,53,914,1680,N/A,ENABLED,44,711,1400,N/A,ENABLED,44,711,1400,N/A,ENABLED,44,711,1400,N/A,ENABLED,44,711,1400,N/A,ENABLED,N/A,60,63,2,803,N/A,N/A,N/A,N/A,ENABLED,2013,500,2100,DISABLED,DISABLED,2006,500,2100,DISABLED,DISABLED,2013,500,2100,DISABLED,DISABLED,2001,500,2100,DISABLED,DISABLED,2008,500,2100,DISABLED,DISABLED,1993,500,2100,DISABLED,DISABLED,2016,500,2100,DISABLED,DISABLED,2013,500,2100,DISABLED,DISABLED,1500,900,1500,N/A,DISABLED,53,914,1680,N/A,ENABLED,53,914,1680,N/A,ENABLED,53,914,1680,N/A,ENABLED,53,914,1680,N/A,ENABLED,44,711,1400,N/A,ENABLED,44,711,1400,N/A,ENABLED,44,711,1400,N/A,ENABLED,44,711,1400,N/A,ENABLED,N/A,61,65,3,837,N/A,N/A,N/A,N/A,ENABLED,1956,500,2100,DISABLED,DISABLED,1952,500,2100,DISABLED,DISABLED,1955,500,2100,DISABLED,DISABLED,1950,500,2100,DISABLED,DISABLED,1948,500,2100,DISABLED,DISABLED,1944,500,2100,DISABLED,DISABLED,1950,500,2100,DISABLED,DISABLED,1949,500,2100,DISABLED,DISABLED,1500,900,1500,N/A,DISABLED,53,914,1680,N/A,ENABLED,53,914,1680,N/A,ENABLED,53,914,1680,N/A,ENABLED,53,914,1680,N/A,ENABLED,44,711,1400,N/A,ENABLED,44,711,1400,N/A,ENABLED,44,711,1400,N/A,ENABLED,44,711,1400,N/A,ENABLED,N/A,76,74,4,829,N/A,N/A,N/A,N/A,ENABLED,2033,500,2100,DISABLED,DISABLED,2029,500,2100,DISABLED,DISABLED,2038,500,2100,DISABLED,DISABLED,2026,500,2100,DISABLED,DISABLED,2033,500,2100,DISABLED,DISABLED,2029,500,2100,DISABLED,DISABLED,2032,500,2100,DISABLED,DISABLED,2021,500,2100,DISABLED,DISABLED,1500,900,1500,N/A,DISABLED,53,914,1680,N/A,ENABLED,53,914,1680,N/A,ENABLED,53,914,1680,N/A,ENABLED,53,914,1680,N/A,ENABLED,44,711,1400,N/A,ENABLED,44,711,1400,N/A,ENABLED,44,711,1400,N/A,ENABLED,44,711,1400,N/A,ENABLED,N/A,70,73,5,806,N/A,N/A,N/A,N/A,ENABLED,2042,500,2100,DISABLED,DISABLED,2040,500,2100,DISABLED,DISABLED,2040,500,2100,DISABLED,DISABLED,2037,500,2100,DISABLED,DISABLED,2052,500,2100,DISABLED,DISABLED,2036,500,2100,DISABLED,DISABLED,2048,500,2100,DISABLED,DISABLED,2036,500,2100,DISABLED,DISABLED,1500,900,1500,N/A,DISABLED,53,914,1680,N/A,ENABLED,53,914,1680,N/A,ENABLED,53,914,1680,N/A,ENABLED,53,914,1680,N/A,ENABLED,44,711,1400,N/A,ENABLED,44,711,1400,N/A,ENABLED,44,711,1400,N/A,ENABLED,44,711,1400,N/A,ENABLED,N/A,60,63,6,842,N/A,N/A,N/A,N/A,ENABLED,1970,500,2100,DISABLED,DISABLED,1963,500,2100,DISABLED,DISABLED,1985,500,2100,DISABLED,DISABLED,1973,500,2100,DISABLED,DISABLED,1982,500,2100,DISABLED,DISABLED,1961,500,2100,DISABLED,DISABLED,1977,500,2100,DISABLED,DISABLED,1971,500,2100,DISABLED,DISABLED,1500,900,1500,N/A,DISABLED,53,914,1680,N/A,ENABLED,53,914,1680,N/A,ENABLED,53,914,1680,N/A,ENABLED,53,914,1680,N/A,ENABLED,44,711,1400,N/A,ENABLED,44,711,1400,N/A,ENABLED,44,711,1400,N/A,ENABLED,44,711,1400,N/A,ENABLED,N/A,71,74,7,820,N/A,N/A,N/A,N/A,ENABLED,2026,500,2100,DISABLED,DISABLED,2022,500,2100,DISABLED,DISABLED,2033,500,2100,DISABLED,DISABLED,2029,500,2100,DISABLED,DISABLED,2029,500,2100,DISABLED,DISABLED,2017,500,2100,DISABLED,DISABLED,2036,500,2100,DISABLED,DISABLED,2026,500,2100,DISABLED,DISABLED,1500,900,1500,N/A,DISABLED,53,914,1680,N/A,ENABLED,53,914,1680,N/A,ENABLED,53,914,1680,N/A,ENABLED,53,914,1680,N/A,ENABLED,44,711,1400,N/A,ENABLED,44,711,1400,N/A,ENABLED,44,711,1400,N/A,ENABLED,44,711,1400,N/A,ENABLED,N/A,64,64
1743961064,0,825,N/A,N/A,N/A,N/A,ENABLED,2004,500,2100,DISABLED,DISABLED,1989,500,2100,DISABLED,DISABLED,2006,500,2100,DISABLED,DISABLED,2007,500,2100,DISABLED,DISABLED,2011,500,2100,DISABLED,DISABLED,2000,500,2100,DISABLED,DISABLED,2009,500,2100,DISABLED,DISABLED,2005,500,2100,DISABLED,DISABLED,1500,900,1500,N/A,DISABLED,53,914,1680,N/A,ENABLED,53,914,1680,N/A,ENABLED,53,914,1680,N/A,ENABLED,53,914,1680,N/A,ENABLED,44,711,1400,N/A,ENABLED,44,711,1400,N/A,ENABLED,44,711,1400,N/A,ENABLED,44,711,1400,N/A,ENABLED,N/A,70,72,1,796,N/A,N/A,N/A,N/A,ENABLED,2047,500,2100,DISABLED,DISABLED,2046,500,2100,DISABLED,DISABLED,2052,500,2100,DISABLED,DISABLED,2035,500,2100,DISABLED,DISABLED,2043,500,2100,DISABLED,DISABLED,2043,500,2100,DISABLED,DISABLED,2042,500,2100,DISABLED,DISABLED,2038,500,2100,DISABLED,DISABLED,1500,900,1500,N/A,DISABLED,53,914,1680,N/A,ENABLED,53,914,1680,N/A,ENABLED,53,914,1680,N/A,ENABLED,53,914,1680,N/A,ENABLED,44,711,1400,N/A,ENABLED,44,711,1400,N/A,ENABLED,44,711,1400,N/A,ENABLED,44,711,1400,N/A,ENABLED,N/A,61,63,2,802,N/A,N/A,N/A,N/A,ENABLED,2009,500,2100,DISABLED,DISABLED,2000,500,2100,DISABLED,DISABLED,2008,500,2100,DISABLED,DISABLED,1995,500,2100,DISABLED,DISABLED,2002,500,2100,DISABLED,DISABLED,1987,500,2100,DISABLED,DISABLED,2012,500,2100,DISABLED,DISABLED,2008,500,2100,DISABLED,DISABLED,1500,900,1500,N/A,DISABLED,53,914,1680,N/A,ENABLED,53,914,1680,N/A,ENABLED,53,914,1680,N/A,ENABLED,53,914,1680,N/A,ENABLED,44,711,1400,N/A,ENABLED,44,711,1400,N/A,ENABLED,44,711,1400,N/A,ENABLED,44,711,1400,N/A,ENABLED,N/A,61,65,3,837,N/A,N/A,N/A,N/A,ENABLED,1949,500,2100,DISABLED,DISABLED,1945,500,2100,DISABLED,DISABLED,1949,500,2100,DISABLED,DISABLED,1944,500,2100,DISABLED,DISABLED,1942,500,2100,DISABLED,DISABLED,1937,500,2100,DISABLED,DISABLED,1944,500,2100,DISABLED,DISABLED,1942,500,2100,DISABLED,DISABLED,1500,900,1500,N/A,DISABLED,53,914,1680,N/A,ENABLED,53,914,1680,N/A,ENABLED,53,914,1680,N/A,ENABLED,53,914,1680,N/A,ENABLED,44,711,1400,N/A,ENABLED,44,711,1400,N/A,ENABLED,44,711,1400,N/A,ENABLED,44,711,1400,N/A,ENABLED,N/A,76,75,4,828,N/A,N/A,N/A,N/A,ENABLED,2029,500,2100,DISABLED,DISABLED,2025,500,2100,DISABLED,DISABLED,2035,500,2100,DISABLED,DISABLED,2021,500,2100,DISABLED,DISABLED,2029,500,2100,DISABLED,DISABLED,2025,500,2100,DISABLED,DISABLED,2028,500,2100,DISABLED,DISABLED,2017,500,2100,DISABLED,DISABLED,1500,900,1500,N/A,DISABLED,53,914,1680,N/A,ENABLED,53,914,1680,N/A,ENABLED,53,914,1680,N/A,ENABLED,53,914,1680,N/A,ENABLED,44,711,1400,N/A,ENABLED,44,711,1400,N/A,ENABLED,44,711,1400,N/A,ENABLED,44,711,1400,N/A,ENABLED,N/A,71,73,5,810,N/A,N/A,N/A,N/A,ENABLED,2037,500,2100,DISABLED,DISABLED,2034,500,2100,DISABLED,DISABLED,2035,500,2100,DISABLED,DISABLED,2031,500,2100,DISABLED,DISABLED,2046,500,2100,DISABLED,DISABLED,2030,500,2100,DISABLED,DISABLED,2043,500,2100,DISABLED,DISABLED,2030,500,2100,DISABLED,DISABLED,1500,900,1500,N/A,DISABLED,53,914,1680,N/A,ENABLED,53,914,1680,N/A,ENABLED,53,914,1680,N/A,ENABLED,53,914,1680,N/A,ENABLED,44,711,1400,N/A,ENABLED,44,711,1400,N/A,ENABLED,44,711,1400,N/A,ENABLED,44,711,1400,N/A,ENABLED,N/A,61,63,6,848,N/A,N/A,N/A,N/A,ENABLED,1962,500,2100,DISABLED,DISABLED,1955,500,2100,DISABLED,DISABLED,1977,500,2100,DISABLED,DISABLED,1965,500,2100,DISABLED,DISABLED,1973,500,2100,DISABLED,DISABLED,1953,500,2100,DISABLED,DISABLED,1969,500,2100,DISABLED,DISABLED,1964,500,2100,DISABLED,DISABLED,1500,900,1500,N/A,DISABLED,53,914,1680,N/A,ENABLED,53,914,1680,N/A,ENABLED,53,914,1680,N/A,ENABLED,53,914,1680,N/A,ENABLED,44,711,1400,N/A,ENABLED,44,711,1400,N/A,ENABLED,44,711,1400,N/A,ENABLED,44,711,1400,N/A,ENABLED,N/A,72,74,7,817,N/A,N/A,N/A,N/A,ENABLED,2022,500,2100,DISABLED,DISABLED,2017,500,2100,DISABLED,DISABLED,2029,500,2100,DISABLED,DISABLED,2025,500,2100,DISABLED,DISABLED,2025,500,2100,DISABLED,DISABLED,2013,500,2100,DISABLED,DISABLED,2033,500,2100,DISABLED,DISABLED,2022,500,2100,DISABLED,DISABLED,1500,900,1500,N/A,DISABLED,53,914,1680,N/A,ENABLED,53,914,1680,N/A,ENABLED,53,914,1680,N/A,ENABLED,53,914,1680,N/A,ENABLED,44,711,1400,N/A,ENABLED,44,711,1400,N/A,ENABLED,44,711,1400,N/A,ENABLED,44,711,1400,N/A,ENABLED,N/A,64,64
1743961065,0,833,N/A,N/A,N/A,N/A,ENABLED,2000,500,2100,DISABLED,DISABLED,1985,500,2100,DISABLED,DISABLED,2001,500,2100,DISABLED,DISABLED,2002,500,2100,DISABLED,DISABLED,2008,500,2100,DISABLED,DISABLED,1997,500,2100,DISABLED,DISABLED,2006,500,2100,DISABLED,DISABLED,2001,500,2100,DISABLED,DISABLED,1500,900,1500,N/A,DISABLED,53,914,1680,N/A,ENABLED,53,914,1680,N/A,ENABLED,53,914,1680,N/A,ENABLED,53,914,1680,N/A,ENABLED,44,711,1400,N/A,ENABLED,44,711,1400,N/A,ENABLED,44,711,1400,N/A,ENABLED,44,711,1400,N/A,ENABLED,N/A,71,73,1,793,N/A,N/A,N/A,N/A,ENABLED,2046,500,2100,DISABLED,DISABLED,2045,500,2100,DISABLED,DISABLED,2051,500,2100,DISABLED,DISABLED,2034,500,2100,DISABLED,DISABLED,2042,500,2100,DISABLED,DISABLED,2042,500,2100,DISABLED,DISABLED,2041,500,2100,DISABLED,DISABLED,2038,500,2100,DISABLED,DISABLED,1500,900,1500,N/A,DISABLED,53,914,1680,N/A,ENABLED,53,914,1680,N/A,ENABLED,53,914,1680,N/A,ENABLED,53,914,1680,N/A,ENABLED,44,711,1400,N/A,ENABLED,44,711,1400,N/A,ENABLED,44,711,1400,N/A,ENABLED,44,711,1400,N/A,ENABLED,N/A,61,63,2,801,N/A,N/A,N/A,N/A,ENABLED,2007,500,2100,DISABLED,DISABLED,1999,500,2100,DISABLED,DISABLED,2007,500,2100,DISABLED,DISABLED,1995,500,2100,DISABLED,DISABLED,2002,500,2100,DISABLED,DISABLED,1985,500,2100,DISABLED,DISABLED,2010,500,2100,DISABLED,DISABLED,2007,500,2100,DISABLED,DISABLED,1500,900,1500,N/A,DISABLED,53,914,1680,N/A,ENABLED,53,914,1680,N/A,ENABLED,53,914,1680,N/A,ENABLED,53,914,1680,N/A,ENABLED,44,711,1400,N/A,ENABLED,44,711,1400,N/A,ENABLED,44,711,1400,N/A,ENABLED,44,711,1400,N/A,ENABLED,N/A,61,66,3,837,N/A,N/A,N/A,N/A,ENABLED,1941,500,2100,DISABLED,DISABLED,1938,500,2100,DISABLED,DISABLED,1941,500,2100,DISABLED,DISABLED,1936,500,2100,DISABLED,DISABLED,1934,500,2100,DISABLED,DISABLED,1930,500,2100,DISABLED,DISABLED,1936,500,2100,DISABLED,DISABLED,1934,500,2100,DISABLED,DISABLED,1500,900,1500,N/A,DISABLED,53,914,1680,N/A,ENABLED,53,914,1680,N/A,ENABLED,53,914,1680,N/A,ENABLED,53,914,1680,N/A,ENABLED,44,711,1400,N/A,ENABLED,44,711,1400,N/A,ENABLED,44,711,1400,N/A,ENABLED,44,711,1400,N/A,ENABLED,N/A,77,75,4,826,N/A,N/A,N/A,N/A,ENABLED,2028,500,2100,DISABLED,DISABLED,2023,500,2100,DISABLED,DISABLED,2034,500,2100,DISABLED,DISABLED,2020,500,2100,DISABLED,DISABLED,2027,500,2100,DISABLED,DISABLED,2024,500,2100,DISABLED,DISABLED,2025,500,2100,DISABLED,DISABLED,2015,500,2100,DISABLED,DISABLED,1500,900,1500,N/A,DISABLED,53,914,1680,N/A,ENABLED,53,914,1680,N/A,ENABLED,53,914,1680,N/A,ENABLED,53,914,1680,N/A,ENABLED,44,711,1400,N/A,ENABLED,44,711,1400,N/A,ENABLED,44,711,1400,N/A,ENABLED,44,711,1400,N/A,ENABLED,N/A,71,74,5,811,N/A,N/A,N/A,N/A,ENABLED,2037,500,2100,DISABLED,DISABLED,2034,500,2100,DISABLED,DISABLED,2034,500,2100,DISABLED,DISABLED,2031,500,2100,DISABLED,DISABLED,2045,500,2100,DISABLED,DISABLED,2030,500,2100,DISABLED,DISABLED,2043,500,2100,DISABLED,DISABLED,2030,500,2100,DISABLED,DISABLED,1500,900,1500,N/A,DISABLED,53,914,1680,N/A,ENABLED,53,914,1680,N/A,ENABLED,53,914,1680,N/A,ENABLED,53,914,1680,N/A,ENABLED,44,711,1400,N/A,ENABLED,44,711,1400,N/A,ENABLED,44,711,1400,N/A,ENABLED,44,711,1400,N/A,ENABLED,N/A,61,64,6,851,N/A,N/A,N/A,N/A,ENABLED,1955,500,2100,DISABLED,DISABLED,1948,500,2100,DISABLED,DISABLED,1970,500,2100,DISABLED,DISABLED,1958,500,2100,DISABLED,DISABLED,1967,500,2100,DISABLED,DISABLED,1946,500,2100,DISABLED,DISABLED,1962,500,2100,DISABLED,DISABLED,1958,500,2100,DISABLED,DISABLED,1500,900,1500,N/A,DISABLED,53,914,1680,N/A,ENABLED,53,914,1680,N/A,ENABLED,53,914,1680,N/A,ENABLED,53,914,1680,N/A,ENABLED,44,711,1400,N/A,ENABLED,44,711,1400,N/A,ENABLED,44,711,1400,N/A,ENABLED,44,711,1400,N/A,ENABLED,N/A,72,76,7,812,N/A,N/A,N/A,N/A,ENABLED,2020,500,2100,DISABLED,DISABLED,2016,500,2100,DISABLED,DISABLED,2028,500,2100,DISABLED,DISABLED,2023,500,2100,DISABLED,DISABLED,2024,500,2100,DISABLED,DISABLED,2012,500,2100,DISABLED,DISABLED,2031,500,2100,DISABLED,DISABLED,2020,500,2100,DISABLED,DISABLED,1500,900,1500,N/A,DISABLED,53,914,1680,N/A,ENABLED,53,914,1680,N/A,ENABLED,53,914,1680,N/A,ENABLED,53,914,1680,N/A,ENABLED,44,711,1400,N/A,ENABLED,44,711,1400,N/A,ENABLED,44,711,1400,N/A,ENABLED,44,711,1400,N/A,ENABLED,N/A,65,66
1743961066,0,775,N/A,N/A,N/A,N/A,ENABLED,1855,500,2100,DISABLED,DISABLED,1838,500,2100,DISABLED,DISABLED,1856,500,2100,DISABLED,DISABLED,1852,500,2100,DISABLED,DISABLED,1861,500,2100,DISABLED,DISABLED,1844,500,2100,DISABLED,DISABLED,1862,500,2100,DISABLED,DISABLED,1852,500,2100,DISABLED,DISABLED,1500,900,1500,N/A,DISABLED,53,914,1680,N/A,ENABLED,53,914,1680,N/A,ENABLED,53,914,1680,N/A,ENABLED,53,914,1680,N/A,ENABLED,44,711,1400,N/A,ENABLED,44,711,1400,N/A,ENABLED,44,711,1400,N/A,ENABLED,44,711,1400,N/A,ENABLED,N/A,71,67,1,738,N/A,N/A,N/A,N/A,ENABLED,1866,500,2100,DISABLED,DISABLED,1860,500,2100,DISABLED,DISABLED,1875,500,2100,DISABLED,DISABLED,1851,500,2100,DISABLED,DISABLED,1863,500,2100,DISABLED,DISABLED,1862,500,2100,DISABLED,DISABLED,1861,500,2100,DISABLED,DISABLED,1852,500,2100,DISABLED,DISABLED,1500,900,1500,N/A,DISABLED,53,914,1680,N/A,ENABLED,53,914,1680,N/A,ENABLED,53,914,1680,N/A,ENABLED,53,914,1680,N/A,ENABLED,44,711,1400,N/A,ENABLED,44,711,1400,N/A,ENABLED,44,711,1400,N/A,ENABLED,44,711,1400,N/A,ENABLED,N/A,61,57,2,754,N/A,N/A,N/A,N/A,ENABLED,1828,500,2100,DISABLED,DISABLED,1817,500,2100,DISABLED,DISABLED,1830,500,2100,DISABLED,DISABLED,1813,500,2100,DISABLED,DISABLED,1823,500,2100,DISABLED,DISABLED,1804,500,2100,DISABLED,DISABLED,1829,500,2100,DISABLED,DISABLED,1821,500,2100,DISABLED,DISABLED,1500,900,1500,N/A,DISABLED,53,914,1680,N/A,ENABLED,53,914,1680,N/A,ENABLED,53,914,1680,N/A,ENABLED,53,914,1680,N/A,ENABLED,44,711,1400,N/A,ENABLED,44,711,1400,N/A,ENABLED,44,711,1400,N/A,ENABLED,44,711,1400,N/A,ENABLED,N/A,62,60,3,790,N/A,N/A,N/A,N/A,ENABLED,1789,500,2100,DISABLED,DISABLED,1783,500,2100,DISABLED,DISABLED,1789,500,2100,DISABLED,DISABLED,1782,500,2100,DISABLED,DISABLED,1781,500,2100,DISABLED,DISABLED,1774,500,2100,DISABLED,DISABLED,1785,500,2100,DISABLED,DISABLED,1780,500,2100,DISABLED,DISABLED,1496,900,1500,N/A,DISABLED,52,914,1680,N/A,ENABLED,52,914,1680,N/A,ENABLED,52,914,1680,N/A,ENABLED,52,914,1680,N/A,ENABLED,44,711,1400,N/A,ENABLED,44,711,1400,N/A,ENABLED,44,711,1400,N/A,ENABLED,44,711,1400,N/A,ENABLED,N/A,76,69,4,801,N/A,N/A,N/A,N/A,ENABLED,1813,500,2100,DISABLED,DISABLED,1804,500,2100,DISABLED,DISABLED,1822,500,2100,DISABLED,DISABLED,1802,500,2100,DISABLED,DISABLED,1812,500,2100,DISABLED,DISABLED,1805,500,2100,DISABLED,DISABLED,1816,500,2100,DISABLED,DISABLED,1799,500,2100,DISABLED,DISABLED,1500,900,1500,N/A,DISABLED,53,914,1680,N/A,ENABLED,53,914,1680,N/A,ENABLED,53,914,1680,N/A,ENABLED,53,914,1680,N/A,ENABLED,44,711,1400,N/A,ENABLED,44,711,1400,N/A,ENABLED,44,711,1400,N/A,ENABLED,44,711,1400,N/A,ENABLED,N/A,71,68,5,779,N/A,N/A,N/A,N/A,ENABLED,1815,500,2100,DISABLED,DISABLED,1813,500,2100,DISABLED,DISABLED,1818,500,2100,DISABLED,DISABLED,1807,500,2100,DISABLED,DISABLED,1826,500,2100,DISABLED,DISABLED,1806,500,2100,DISABLED,DISABLED,1826,500,2100,DISABLED,DISABLED,1811,500,2100,DISABLED,DISABLED,1500,900,1500,N/A,DISABLED,53,914,1680,N/A,ENABLED,53,914,1680,N/A,ENABLED,53,914,1680,N/A,ENABLED,53,914,1680,N/A,ENABLED,44,711,1400,N/A,ENABLED,44,711,1400,N/A,ENABLED,44,711,1400,N/A,ENABLED,44,711,1400,N/A,ENABLED,N/A,61,57,6,812,N/A,N/A,N/A,N/A,ENABLED,1786,500,2100,DISABLED,DISABLED,1774,500,2100,DISABLED,DISABLED,1798,500,2100,DISABLED,DISABLED,1784,500,2100,DISABLED,DISABLED,1794,500,2100,DISABLED,DISABLED,1769,500,2100,DISABLED,DISABLED,1791,500,2100,DISABLED,DISABLED,1781,500,2100,DISABLED,DISABLED,1497,900,1500,N/A,DISABLED,52,914,1680,N/A,ENABLED,52,914,1680,N/A,ENABLED,52,914,1680,N/A,ENABLED,52,914,1680,N/A,ENABLED,44,711,1400,N/A,ENABLED,44,711,1400,N/A,ENABLED,44,711,1400,N/A,ENABLED,44,711,1400,N/A,ENABLED,N/A,73,70,7,777,N/A,N/A,N/A,N/A,ENABLED,1810,500,2100,DISABLED,DISABLED,1805,500,2100,DISABLED,DISABLED,1818,500,2100,DISABLED,DISABLED,1810,500,2100,DISABLED,DISABLED,1815,500,2100,DISABLED,DISABLED,1800,500,2100,DISABLED,DISABLED,1820,500,2100,DISABLED,DISABLED,1804,500,2100,DISABLED,DISABLED,1500,900,1500,N/A,DISABLED,53,914,1680,N/A,ENABLED,53,914,1680,N/A,ENABLED,53,914,1680,N/A,ENABLED,53,914,1680,N/A,ENABLED,44,711,1400,N/A,ENABLED,44,711,1400,N/A,ENABLED,44,711,1400,N/A,ENABLED,44,711,1400,N/A,ENABLED,N/A,65,60
1743961068,0,818,N/A,N/A,N/A,N/A,ENABLED,2026,500,2100,DISABLED,DISABLED,2011,500,2100,DISABLED,DISABLED,2026,500,2100,DISABLED,DISABLED,2028,500,2100,DISABLED,DISABLED,2031,500,2100,DISABLED,DISABLED,2020,500,2100,DISABLED,DISABLED,2032,500,2100,DISABLED,DISABLED,2028,500,2100,DISABLED,DISABLED,1500,900,1500,N/A,DISABLED,53,914,1680,N/A,ENABLED,53,914,1680,N/A,ENABLED,53,914,1680,N/A,ENABLED,53,914,1680,N/A,ENABLED,44,711,1400,N/A,ENABLED,44,711,1400,N/A,ENABLED,44,711,1400,N/A,ENABLED,44,711,1400,N/A,ENABLED,N/A,71,74,1,783,N/A,N/A,N/A,N/A,ENABLED,2066,500,2100,DISABLED,DISABLED,2064,500,2100,DISABLED,DISABLED,2074,500,2100,DISABLED,DISABLED,2057,500,2100,DISABLED,DISABLED,2064,500,2100,DISABLED,DISABLED,2064,500,2100,DISABLED,DISABLED,2059,500,2100,DISABLED,DISABLED,2055,500,2100,DISABLED,DISABLED,1500,900,1500,N/A,DISABLED,53,914,1680,N/A,ENABLED,53,914,1680,N/A,ENABLED,53,914,1680,N/A,ENABLED,53,914,1680,N/A,ENABLED,44,711,1400,N/A,ENABLED,44,711,1400,N/A,ENABLED,44,711,1400,N/A,ENABLED,44,711,1400,N/A,ENABLED,N/A,61,63,2,793,N/A,N/A,N/A,N/A,ENABLED,2025,500,2100,DISABLED,DISABLED,2017,500,2100,DISABLED,DISABLED,2025,500,2100,DISABLED,DISABLED,2014,500,2100,DISABLED,DISABLED,2019,500,2100,DISABLED,DISABLED,2004,500,2100,DISABLED,DISABLED,2028,500,2100,DISABLED,DISABLED,2025,500,2100,DISABLED,DISABLED,1500,900,1500,N/A,DISABLED,53,914,1680,N/A,ENABLED,53,914,1680,N/A,ENABLED,53,914,1680,N/A,ENABLED,53,914,1680,N/A,ENABLED,44,711,1400,N/A,ENABLED,44,711,1400,N/A,ENABLED,44,711,1400,N/A,ENABLED,44,711,1400,N/A,ENABLED,N/A,62,65,3,833,N/A,N/A,N/A,N/A,ENABLED,1959,500,2100,DISABLED,DISABLED,1955,500,2100,DISABLED,DISABLED,1963,500,2100,DISABLED,DISABLED,1958,500,2100,DISABLED,DISABLED,1950,500,2100,DISABLED,DISABLED,1946,500,2100,DISABLED,DISABLED,1954,500,2100,DISABLED,DISABLED,1950,500,2100,DISABLED,DISABLED,1500,900,1500,N/A,DISABLED,53,914,1680,N/A,ENABLED,53,914,1680,N/A,ENABLED,53,914,1680,N/A,ENABLED,53,914,1680,N/A,ENABLED,44,711,1400,N/A,ENABLED,44,711,1400,N/A,ENABLED,44,711,1400,N/A,ENABLED,44,711,1400,N/A,ENABLED,N/A,77,75,4,821,N/A,N/A,N/A,N/A,ENABLED,2055,500,2100,DISABLED,DISABLED,2049,500,2100,DISABLED,DISABLED,2060,500,2100,DISABLED,DISABLED,2048,500,2100,DISABLED,DISABLED,2055,500,2100,DISABLED,DISABLED,2051,500,2100,DISABLED,DISABLED,2052,500,2100,DISABLED,DISABLED,2042,500,2100,DISABLED,DISABLED,1500,900,1500,N/A,DISABLED,53,914,1680,N/A,ENABLED,53,914,1680,N/A,ENABLED,53,914,1680,N/A,ENABLED,53,914,1680,N/A,ENABLED,44,711,1400,N/A,ENABLED,44,711,1400,N/A,ENABLED,44,711,1400,N/A,ENABLED,44,711,1400,N/A,ENABLED,N/A,72,74,5,806,N/A,N/A,N/A,N/A,ENABLED,2059,500,2100,DISABLED,DISABLED,2055,500,2100,DISABLED,DISABLED,2058,500,2100,DISABLED,DISABLED,2054,500,2100,DISABLED,DISABLED,2066,500,2100,DISABLED,DISABLED,2051,500,2100,DISABLED,DISABLED,2066,500,2100,DISABLED,DISABLED,2054,500,2100,DISABLED,DISABLED,1500,900,1500,N/A,DISABLED,53,914,1680,N/A,ENABLED,53,914,1680,N/A,ENABLED,53,914,1680,N/A,ENABLED,53,914,1680,N/A,ENABLED,44,711,1400,N/A,ENABLED,44,711,1400,N/A,ENABLED,44,711,1400,N/A,ENABLED,44,711,1400,N/A,ENABLED,N/A,62,63,6,836,N/A,N/A,N/A,N/A,ENABLED,1977,500,2100,DISABLED,DISABLED,1970,500,2100,DISABLED,DISABLED,1992,500,2100,DISABLED,DISABLED,1981,500,2100,DISABLED,DISABLED,1988,500,2100,DISABLED,DISABLED,1967,500,2100,DISABLED,DISABLED,1984,500,2100,DISABLED,DISABLED,1979,500,2100,DISABLED,DISABLED,1500,900,1500,N/A,DISABLED,53,914,1680,N/A,ENABLED,53,914,1680,N/A,ENABLED,53,914,1680,N/A,ENABLED,53,914,1680,N/A,ENABLED,44,711,1400,N/A,ENABLED,44,711,1400,N/A,ENABLED,44,711,1400,N/A,ENABLED,44,711,1400,N/A,ENABLED,N/A,74,76,7,809,N/A,N/A,N/A,N/A,ENABLED,2042,500,2100,DISABLED,DISABLED,2037,500,2100,DISABLED,DISABLED,2050,500,2100,DISABLED,DISABLED,2045,500,2100,DISABLED,DISABLED,2045,500,2100,DISABLED,DISABLED,2034,500,2100,DISABLED,DISABLED,2051,500,2100,DISABLED,DISABLED,2042,500,2100,DISABLED,DISABLED,1500,900,1500,N/A,DISABLED,53,914,1680,N/A,ENABLED,53,914,1680,N/A,ENABLED,53,914,1680,N/A,ENABLED,53,914,1680,N/A,ENABLED,44,711,1400,N/A,ENABLED,44,711,1400,N/A,ENABLED,44,711,1400,N/A,ENABLED,44,711,1400,N/A,ENABLED,N/A,66,65
1743961069,0,827,N/A,N/A,N/A,N/A,ENABLED,2021,500,2100,DISABLED,DISABLED,2005,500,2100,DISABLED,DISABLED,2022,500,2100,DISABLED,DISABLED,2023,500,2100,DISABLED,DISABLED,2025,500,2100,DISABLED,DISABLED,2013,500,2100,DISABLED,DISABLED,2026,500,2100,DISABLED,DISABLED,2022,500,2100,DISABLED,DISABLED,1500,900,1500,N/A,DISABLED,53,914,1680,N/A,ENABLED,53,914,1680,N/A,ENABLED,53,914,1680,N/A,ENABLED,53,914,1680,N/A,ENABLED,44,711,1400,N/A,ENABLED,44,711,1400,N/A,ENABLED,44,711,1400,N/A,ENABLED,44,711,1400,N/A,ENABLED,N/A,72,74,1,789,N/A,N/A,N/A,N/A,ENABLED,2065,500,2100,DISABLED,DISABLED,2063,500,2100,DISABLED,DISABLED,2071,500,2100,DISABLED,DISABLED,2055,500,2100,DISABLED,DISABLED,2063,500,2100,DISABLED,DISABLED,2062,500,2100,DISABLED,DISABLED,2057,500,2100,DISABLED,DISABLED,2055,500,2100,DISABLED,DISABLED,1500,900,1500,N/A,DISABLED,53,914,1680,N/A,ENABLED,53,914,1680,N/A,ENABLED,53,914,1680,N/A,ENABLED,53,914,1680,N/A,ENABLED,44,711,1400,N/A,ENABLED,44,711,1400,N/A,ENABLED,44,711,1400,N/A,ENABLED,44,711,1400,N/A,ENABLED,N/A,61,63,2,801,N/A,N/A,N/A,N/A,ENABLED,2022,500,2100,DISABLED,DISABLED,2014,500,2100,DISABLED,DISABLED,2024,500,2100,DISABLED,DISABLED,2012,500,2100,DISABLED,DISABLED,2017,500,2100,DISABLED,DISABLED,2001,500,2100,DISABLED,DISABLED,2025,500,2100,DISABLED,DISABLED,2022,500,2100,DISABLED,DISABLED,1500,900,1500,N/A,DISABLED,53,914,1680,N/A,ENABLED,53,914,1680,N/A,ENABLED,53,914,1680,N/A,ENABLED,53,914,1680,N/A,ENABLED,44,711,1400,N/A,ENABLED,44,711,1400,N/A,ENABLED,44,711,1400,N/A,ENABLED,44,711,1400,N/A,ENABLED,N/A,62,66,3,835,N/A,N/A,N/A,N/A,ENABLED,1948,500,2100,DISABLED,DISABLED,1945,500,2100,DISABLED,DISABLED,1952,500,2100,DISABLED,DISABLED,1946,500,2100,DISABLED,DISABLED,1941,500,2100,DISABLED,DISABLED,1936,500,2100,DISABLED,DISABLED,1944,500,2100,DISABLED,DISABLED,1938,500,2100,DISABLED,DISABLED,1500,900,1500,N/A,DISABLED,53,914,1680,N/A,ENABLED,53,914,1680,N/A,ENABLED,53,914,1680,N/A,ENABLED,53,914,1680,N/A,ENABLED,44,711,1400,N/A,ENABLED,44,711,1400,N/A,ENABLED,44,711,1400,N/A,ENABLED,44,711,1400,N/A,ENABLED,N/A,78,76,4,827,N/A,N/A,N/A,N/A,ENABLED,2052,500,2100,DISABLED,DISABLED,2046,500,2100,DISABLED,DISABLED,2057,500,2100,DISABLED,DISABLED,2044,500,2100,DISABLED,DISABLED,2051,500,2100,DISABLED,DISABLED,2047,500,2100,DISABLED,DISABLED,2049,500,2100,DISABLED,DISABLED,2038,500,2100,DISABLED,DISABLED,1500,900,1500,N/A,DISABLED,53,914,1680,N/A,ENABLED,53,914,1680,N/A,ENABLED,53,914,1680,N/A,ENABLED,53,914,1680,N/A,ENABLED,44,711,1400,N/A,ENABLED,44,711,1400,N/A,ENABLED,44,711,1400,N/A,ENABLED,44,711,1400,N/A,ENABLED,N/A,72,74,5,809,N/A,N/A,N/A,N/A,ENABLED,2058,500,2100,DISABLED,DISABLED,2055,500,2100,DISABLED,DISABLED,2057,500,2100,DISABLED,DISABLED,2053,500,2100,DISABLED,DISABLED,2066,500,2100,DISABLED,DISABLED,2050,500,2100,DISABLED,DISABLED,2066,500,2100,DISABLED,DISABLED,2054,500,2100,DISABLED,DISABLED,1500,900,1500,N/A,DISABLED,53,914,1680,N/A,ENABLED,53,914,1680,N/A,ENABLED,53,914,1680,N/A,ENABLED,53,914,1680,N/A,ENABLED,44,711,1400,N/A,ENABLED,44,711,1400,N/A,ENABLED,44,711,1400,N/A,ENABLED,44,711,1400,N/A,ENABLED,N/A,62,64,6,844,N/A,N/A,N/A,N/A,ENABLED,1969,500,2100,DISABLED,DISABLED,1962,500,2100,DISABLED,DISABLED,1984,500,2100,DISABLED,DISABLED,1973,500,2100,DISABLED,DISABLED,1980,500,2100,DISABLED,DISABLED,1958,500,2100,DISABLED,DISABLED,1975,500,2100,DISABLED,DISABLED,1971,500,2100,DISABLED,DISABLED,1500,900,1500,N/A,DISABLED,53,914,1680,N/A,ENABLED,53,914,1680,N/A,ENABLED,53,914,1680,N/A,ENABLED,53,914,1680,N/A,ENABLED,44,711,1400,N/A,ENABLED,44,711,1400,N/A,ENABLED,44,711,1400,N/A,ENABLED,44,711,1400,N/A,ENABLED,N/A,74,76,7,814,N/A,N/A,N/A,N/A,ENABLED,2042,500,2100,DISABLED,DISABLED,2037,500,2100,DISABLED,DISABLED,2051,500,2100,DISABLED,DISABLED,2045,500,2100,DISABLED,DISABLED,2045,500,2100,DISABLED,DISABLED,2034,500,2100,DISABLED,DISABLED,2051,500,2100,DISABLED,DISABLED,2041,500,2100,DISABLED,DISABLED,1500,900,1500,N/A,DISABLED,53,914,1680,N/A,ENABLED,53,914,1680,N/A,ENABLED,53,914,1680,N/A,ENABLED,53,914,1680,N/A,ENABLED,44,711,1400,N/A,ENABLED,44,711,1400,N/A,ENABLED,44,711,1400,N/A,ENABLED,44,711,1400,N/A,ENABLED,N/A,66,66
1743961070,0,830,N/A,N/A,N/A,N/A,ENABLED,2015,500,2100,DISABLED,DISABLED,1999,500,2100,DISABLED,DISABLED,2016,500,2100,DISABLED,DISABLED,2017,500,2100,DISABLED,DISABLED,2020,500,2100,DISABLED,DISABLED,2008,500,2100,DISABLED,DISABLED,2021,500,2100,DISABLED,DISABLED,2016,500,2100,DISABLED,DISABLED,1500,900,1500,N/A,DISABLED,53,914,1680,N/A,ENABLED,53,914,1680,N/A,ENABLED,53,914,1680,N/A,ENABLED,53,914,1680,N/A,ENABLED,44,711,1400,N/A,ENABLED,44,711,1400,N/A,ENABLED,44,711,1400,N/A,ENABLED,44,711,1400,N/A,ENABLED,N/A,72,75,1,791,N/A,N/A,N/A,N/A,ENABLED,2065,500,2100,DISABLED,DISABLED,2064,500,2100,DISABLED,DISABLED,2072,500,2100,DISABLED,DISABLED,2056,500,2100,DISABLED,DISABLED,2063,500,2100,DISABLED,DISABLED,2063,500,2100,DISABLED,DISABLED,2057,500,2100,DISABLED,DISABLED,2054,500,2100,DISABLED,DISABLED,1500,900,1500,N/A,DISABLED,53,914,1680,N/A,ENABLED,53,914,1680,N/A,ENABLED,53,914,1680,N/A,ENABLED,53,914,1680,N/A,ENABLED,44,711,1400,N/A,ENABLED,44,711,1400,N/A,ENABLED,44,711,1400,N/A,ENABLED,44,711,1400,N/A,ENABLED,N/A,62,63,2,801,N/A,N/A,N/A,N/A,ENABLED,2016,500,2100,DISABLED,DISABLED,2007,500,2100,DISABLED,DISABLED,2018,500,2100,DISABLED,DISABLED,2005,500,2100,DISABLED,DISABLED,2010,500,2100,DISABLED,DISABLED,1994,500,2100,DISABLED,DISABLED,2019,500,2100,DISABLED,DISABLED,2016,500,2100,DISABLED,DISABLED,1500,900,1500,N/A,DISABLED,53,914,1680,N/A,ENABLED,53,914,1680,N/A,ENABLED,53,914,1680,N/A,ENABLED,53,914,1680,N/A,ENABLED,44,711,1400,N/A,ENABLED,44,711,1400,N/A,ENABLED,44,711,1400,N/A,ENABLED,44,711,1400,N/A,ENABLED,N/A,63,66,3,845,N/A,N/A,N/A,N/A,ENABLED,1939,500,2100,DISABLED,DISABLED,1935,500,2100,DISABLED,DISABLED,1942,500,2100,DISABLED,DISABLED,1938,500,2100,DISABLED,DISABLED,1929,500,2100,DISABLED,DISABLED,1926,500,2100,DISABLED,DISABLED,1935,500,2100,DISABLED,DISABLED,1928,500,2100,DISABLED,DISABLED,1500,900,1500,N/A,DISABLED,53,914,1680,N/A,ENABLED,53,914,1680,N/A,ENABLED,53,914,1680,N/A,ENABLED,53,914,1680,N/A,ENABLED,44,711,1400,N/A,ENABLED,44,711,1400,N/A,ENABLED,44,711,1400,N/A,ENABLED,44,711,1400,N/A,ENABLED,N/A,79,76,4,831,N/A,N/A,N/A,N/A,ENABLED,2047,500,2100,DISABLED,DISABLED,2042,500,2100,DISABLED,DISABLED,2053,500,2100,DISABLED,DISABLED,2040,500,2100,DISABLED,DISABLED,2047,500,2100,DISABLED,DISABLED,2043,500,2100,DISABLED,DISABLED,2046,500,2100,DISABLED,DISABLED,2034,500,2100,DISABLED,DISABLED,1500,900,1500,N/A,DISABLED,53,914,1680,N/A,ENABLED,53,914,1680,N/A,ENABLED,53,914,1680,N/A,ENABLED,53,914,1680,N/A,ENABLED,44,711,1400,N/A,ENABLED,44,711,1400,N/A,ENABLED,44,711,1400,N/A,ENABLED,44,711,1400,N/A,ENABLED,N/A,73,75,5,813,N/A,N/A,N/A,N/A,ENABLED,2054,500,2100,DISABLED,DISABLED,2051,500,2100,DISABLED,DISABLED,2053,500,2100,DISABLED,DISABLED,2050,500,2100,DISABLED,DISABLED,2062,500,2100,DISABLED,DISABLED,2047,500,2100,DISABLED,DISABLED,2062,500,2100,DISABLED,DISABLED,2050,500,2100,DISABLED,DISABLED,1500,900,1500,N/A,DISABLED,53,914,1680,N/A,ENABLED,53,914,1680,N/A,ENABLED,53,914,1680,N/A,ENABLED,53,914,1680,N/A,ENABLED,44,711,1400,N/A,ENABLED,44,711,1400,N/A,ENABLED,44,711,1400,N/A,ENABLED,44,711,1400,N/A,ENABLED,N/A,62,64,6,849,N/A,N/A,N/A,N/A,ENABLED,1960,500,2100,DISABLED,DISABLED,1953,500,2100,DISABLED,DISABLED,1976,500,2100,DISABLED,DISABLED,1963,500,2100,DISABLED,DISABLED,1971,500,2100,DISABLED,DISABLED,1949,500,2100,DISABLED,DISABLED,1966,500,2100,DISABLED,DISABLED,1962,500,2100,DISABLED,DISABLED,1500,900,1500,N/A,DISABLED,53,914,1680,N/A,ENABLED,53,914,1680,N/A,ENABLED,53,914,1680,N/A,ENABLED,53,914,1680,N/A,ENABLED,44,711,1400,N/A,ENABLED,44,711,1400,N/A,ENABLED,44,711,1400,N/A,ENABLED,44,711,1400,N/A,ENABLED,N/A,74,78,7,817,N/A,N/A,N/A,N/A,ENABLED,2037,500,2100,DISABLED,DISABLED,2032,500,2100,DISABLED,DISABLED,2044,500,2100,DISABLED,DISABLED,2039,500,2100,DISABLED,DISABLED,2040,500,2100,DISABLED,DISABLED,2029,500,2100,DISABLED,DISABLED,2048,500,2100,DISABLED,DISABLED,2038,500,2100,DISABLED,DISABLED,1500,900,1500,N/A,DISABLED,53,914,1680,N/A,ENABLED,53,914,1680,N/A,ENABLED,53,914,1680,N/A,ENABLED,53,914,1680,N/A,ENABLED,44,711,1400,N/A,ENABLED,44,711,1400,N/A,ENABLED,44,711,1400,N/A,ENABLED,44,711,1400,N/A,ENABLED,N/A,66,67
1743961071,0,831,N/A,N/A,N/A,N/A,ENABLED,2013,500,2100,DISABLED,DISABLED,1998,500,2100,DISABLED,DISABLED,2014,500,2100,DISABLED,DISABLED,2015,500,2100,DISABLED,DISABLED,2018,500,2100,DISABLED,DISABLED,2006,500,2100,DISABLED,DISABLED,2018,500,2100,DISABLED,DISABLED,2013,500,2100,DISABLED,DISABLED,1500,900,1500,N/A,DISABLED,53,914,1680,N/A,ENABLED,53,914,1680,N/A,ENABLED,53,914,1680,N/A,ENABLED,53,914,1680,N/A,ENABLED,44,711,1400,N/A,ENABLED,44,711,1400,N/A,ENABLED,44,711,1400,N/A,ENABLED,44,711,1400,N/A,ENABLED,N/A,73,75,1,794,N/A,N/A,N/A,N/A,ENABLED,2061,500,2100,DISABLED,DISABLED,2060,500,2100,DISABLED,DISABLED,2070,500,2100,DISABLED,DISABLED,2053,500,2100,DISABLED,DISABLED,2060,500,2100,DISABLED,DISABLED,2060,500,2100,DISABLED,DISABLED,2055,500,2100,DISABLED,DISABLED,2052,500,2100,DISABLED,DISABLED,1500,900,1500,N/A,DISABLED,53,914,1680,N/A,ENABLED,53,914,1680,N/A,ENABLED,53,914,1680,N/A,ENABLED,53,914,1680,N/A,ENABLED,44,711,1400,N/A,ENABLED,44,711,1400,N/A,ENABLED,44,711,1400,N/A,ENABLED,44,711,1400,N/A,ENABLED,N/A,62,64,2,811,N/A,N/A,N/A,N/A,ENABLED,2012,500,2100,DISABLED,DISABLED,2005,500,2100,DISABLED,DISABLED,2014,500,2100,DISABLED,DISABLED,2003,500,2100,DISABLED,DISABLED,2008,500,2100,DISABLED,DISABLED,1991,500,2100,DISABLED,DISABLED,2016,500,2100,DISABLED,DISABLED,2012,500,2100,DISABLED,DISABLED,1500,900,1500,N/A,DISABLED,53,914,1680,N/A,ENABLED,53,914,1680,N/A,ENABLED,53,914,1680,N/A,ENABLED,53,914,1680,N/A,ENABLED,44,711,1400,N/A,ENABLED,44,711,1400,N/A,ENABLED,44,711,1400,N/A,ENABLED,44,711,1400,N/A,ENABLED,N/A,63,67,3,848,N/A,N/A,N/A,N/A,ENABLED,1922,500,2100,DISABLED,DISABLED,1919,500,2100,DISABLED,DISABLED,1925,500,2100,DISABLED,DISABLED,1920,500,2100,DISABLED,DISABLED,1914,500,2100,DISABLED,DISABLED,1910,500,2100,DISABLED,DISABLED,1917,500,2100,DISABLED,DISABLED,1912,500,2100,DISABLED,DISABLED,1500,900,1500,N/A,DISABLED,53,914,1680,N/A,ENABLED,53,914,1680,N/A,ENABLED,53,914,1680,N/A,ENABLED,53,914,1680,N/A,ENABLED,44,711,1400,N/A,ENABLED,44,711,1400,N/A,ENABLED,44,711,1400,N/A,ENABLED,44,711,1400,N/A,ENABLED,N/A,79,77,4,837,N/A,N/A,N/A,N/A,ENABLED,2045,500,2100,DISABLED,DISABLED,2038,500,2100,DISABLED,DISABLED,2050,500,2100,DISABLED,DISABLED,2037,500,2100,DISABLED,DISABLED,2044,500,2100,DISABLED,DISABLED,2040,500,2100,DISABLED,DISABLED,2042,500,2100,DISABLED,DISABLED,2030,500,2100,DISABLED,DISABLED,1500,900,1500,N/A,DISABLED,53,914,1680,N/A,ENABLED,53,914,1680,N/A,ENABLED,53,914,1680,N/A,ENABLED,53,914,1680,N/A,ENABLED,44,711,1400,N/A,ENABLED,44,711,1400,N/A,ENABLED,44,711,1400,N/A,ENABLED,44,711,1400,N/A,ENABLED,N/A,74,76,5,815,N/A,N/A,N/A,N/A,ENABLED,2052,500,2100,DISABLED,DISABLED,2049,500,2100,DISABLED,DISABLED,2051,500,2100,DISABLED,DISABLED,2048,500,2100,DISABLED,DISABLED,2061,500,2100,DISABLED,DISABLED,2046,500,2100,DISABLED,DISABLED,2060,500,2100,DISABLED,DISABLED,2048,500,2100,DISABLED,DISABLED,1500,900,1500,N/A,DISABLED,53,914,1680,N/A,ENABLED,53,914,1680,N/A,ENABLED,53,914,1680,N/A,ENABLED,53,914,1680,N/A,ENABLED,44,711,1400,N/A,ENABLED,44,711,1400,N/A,ENABLED,44,711,1400,N/A,ENABLED,44,711,1400,N/A,ENABLED,N/A,62,65,6,847,N/A,N/A,N/A,N/A,ENABLED,1965,500,2100,DISABLED,DISABLED,1958,500,2100,DISABLED,DISABLED,1981,500,2100,DISABLED,DISABLED,1969,500,2100,DISABLED,DISABLED,1974,500,2100,DISABLED,DISABLED,1956,500,2100,DISABLED,DISABLED,1972,500,2100,DISABLED,DISABLED,1968,500,2100,DISABLED,DISABLED,1500,900,1500,N/A,DISABLED,53,914,1680,N/A,ENABLED,53,914,1680,N/A,ENABLED,53,914,1680,N/A,ENABLED,53,914,1680,N/A,ENABLED,44,711,1400,N/A,ENABLED,44,711,1400,N/A,ENABLED,44,711,1400,N/A,ENABLED,44,711,1400,N/A,ENABLED,N/A,75,77,7,816,N/A,N/A,N/A,N/A,ENABLED,2039,500,2100,DISABLED,DISABLED,2034,500,2100,DISABLED,DISABLED,2046,500,2100,DISABLED,DISABLED,2041,500,2100,DISABLED,DISABLED,2043,500,2100,DISABLED,DISABLED,2032,500,2100,DISABLED,DISABLED,2048,500,2100,DISABLED,DISABLED,2038,500,2100,DISABLED,DISABLED,1500,900,1500,N/A,DISABLED,53,914,1680,N/A,ENABLED,53,914,1680,N/A,ENABLED,53,914,1680,N/A,ENABLED,53,914,1680,N/A,ENABLED,44,711,1400,N/A,ENABLED,44,711,1400,N/A,ENABLED,44,711,1400,N/A,ENABLED,44,711,1400,N/A,ENABLED,N/A,67,67
1743961073,0,833,N/A,N/A,N/A,N/A,ENABLED,2008,500,2100,DISABLED,DISABLED,1993,500,2100,DISABLED,DISABLED,2009,500,2100,DISABLED,DISABLED,2011,500,2100,DISABLED,DISABLED,2013,500,2100,DISABLED,DISABLED,2001,500,2100,DISABLED,DISABLED,2014,500,2100,DISABLED,DISABLED,2008,500,2100,DISABLED,DISABLED,1500,900,1500,N/A,DISABLED,53,914,1680,N/A,ENABLED,53,914,1680,N/A,ENABLED,53,914,1680,N/A,ENABLED,53,914,1680,N/A,ENABLED,44,711,1400,N/A,ENABLED,44,711,1400,N/A,ENABLED,44,711,1400,N/A,ENABLED,44,711,1400,N/A,ENABLED,N/A,73,76,1,799,N/A,N/A,N/A,N/A,ENABLED,2060,500,2100,DISABLED,DISABLED,2059,500,2100,DISABLED,DISABLED,2069,500,2100,DISABLED,DISABLED,2051,500,2100,DISABLED,DISABLED,2060,500,2100,DISABLED,DISABLED,2059,500,2100,DISABLED,DISABLED,2054,500,2100,DISABLED,DISABLED,2051,500,2100,DISABLED,DISABLED,1500,900,1500,N/A,DISABLED,53,914,1680,N/A,ENABLED,53,914,1680,N/A,ENABLED,53,914,1680,N/A,ENABLED,53,914,1680,N/A,ENABLED,44,711,1400,N/A,ENABLED,44,711,1400,N/A,ENABLED,44,711,1400,N/A,ENABLED,44,711,1400,N/A,ENABLED,N/A,62,64,2,805,N/A,N/A,N/A,N/A,ENABLED,2013,500,2100,DISABLED,DISABLED,2005,500,2100,DISABLED,DISABLED,2015,500,2100,DISABLED,DISABLED,2003,500,2100,DISABLED,DISABLED,2008,500,2100,DISABLED,DISABLED,1991,500,2100,DISABLED,DISABLED,2016,500,2100,DISABLED,DISABLED,2013,500,2100,DISABLED,DISABLED,1500,900,1500,N/A,DISABLED,53,914,1680,N/A,ENABLED,53,914,1680,N/A,ENABLED,53,914,1680,N/A,ENABLED,53,914,1680,N/A,ENABLED,44,711,1400,N/A,ENABLED,44,711,1400,N/A,ENABLED,44,711,1400,N/A,ENABLED,44,711,1400,N/A,ENABLED,N/A,63,67,3,845,N/A,N/A,N/A,N/A,ENABLED,1918,500,2100,DISABLED,DISABLED,1914,500,2100,DISABLED,DISABLED,1922,500,2100,DISABLED,DISABLED,1917,500,2100,DISABLED,DISABLED,1910,500,2100,DISABLED,DISABLED,1906,500,2100,DISABLED,DISABLED,1913,500,2100,DISABLED,DISABLED,1908,500,2100,DISABLED,DISABLED,1500,900,1500,N/A,DISABLED,53,914,1680,N/A,ENABLED,53,914,1680,N/A,ENABLED,53,914,1680,N/A,ENABLED,53,914,1680,N/A,ENABLED,44,711,1400,N/A,ENABLED,44,711,1400,N/A,ENABLED,44,711,1400,N/A,ENABLED,44,711,1400,N/A,ENABLED,N/A,80,77,4,834,N/A,N/A,N/A,N/A,ENABLED,2043,500,2100,DISABLED,DISABLED,2037,500,2100,DISABLED,DISABLED,2049,500,2100,DISABLED,DISABLED,2036,500,2100,DISABLED,DISABLED,2043,500,2100,DISABLED,DISABLED,2039,500,2100,DISABLED,DISABLED,2042,500,2100,DISABLED,DISABLED,2029,500,2100,DISABLED,DISABLED,1500,900,1500,N/A,DISABLED,53,914,1680,N/A,ENABLED,53,914,1680,N/A,ENABLED,53,914,1680,N/A,ENABLED,53,914,1680,N/A,ENABLED,44,711,1400,N/A,ENABLED,44,711,1400,N/A,ENABLED,44,711,1400,N/A,ENABLED,44,711,1400,N/A,ENABLED,N/A,74,76,5,815,N/A,N/A,N/A,N/A,ENABLED,2051,500,2100,DISABLED,DISABLED,2049,500,2100,DISABLED,DISABLED,2050,500,2100,DISABLED,DISABLED,2047,500,2100,DISABLED,DISABLED,2058,500,2100,DISABLED,DISABLED,2044,500,2100,DISABLED,DISABLED,2059,500,2100,DISABLED,DISABLED,2046,500,2100,DISABLED,DISABLED,1500,900,1500,N/A,DISABLED,53,914,1680,N/A,ENABLED,53,914,1680,N/A,ENABLED,53,914,1680,N/A,ENABLED,53,914,1680,N/A,ENABLED,44,711,1400,N/A,ENABLED,44,711,1400,N/A,ENABLED,44,711,1400,N/A,ENABLED,44,711,1400,N/A,ENABLED,N/A,63,65,6,857,N/A,N/A,N/A,N/A,ENABLED,1961,500,2100,DISABLED,DISABLED,1953,500,2100,DISABLED,DISABLED,1976,500,2100,DISABLED,DISABLED,1964,500,2100,DISABLED,DISABLED,1967,500,2100,DISABLED,DISABLED,1951,500,2100,DISABLED,DISABLED,1967,500,2100,DISABLED,DISABLED,1963,500,2100,DISABLED,DISABLED,1500,900,1500,N/A,DISABLED,53,914,1680,N/A,ENABLED,53,914,1680,N/A,ENABLED,53,914,1680,N/A,ENABLED,53,914,1680,N/A,ENABLED,44,711,1400,N/A,ENABLED,44,711,1400,N/A,ENABLED,44,711,1400,N/A,ENABLED,44,711,1400,N/A,ENABLED,N/A,75,78,7,822,N/A,N/A,N/A,N/A,ENABLED,2040,500,2100,DISABLED,DISABLED,2035,500,2100,DISABLED,DISABLED,2046,500,2100,DISABLED,DISABLED,2043,500,2100,DISABLED,DISABLED,2043,500,2100,DISABLED,DISABLED,2032,500,2100,DISABLED,DISABLED,2049,500,2100,DISABLED,DISABLED,2039,500,2100,DISABLED,DISABLED,1500,900,1500,N/A,DISABLED,53,914,1680,N/A,ENABLED,53,914,1680,N/A,ENABLED,53,914,1680,N/A,ENABLED,53,914,1680,N/A,ENABLED,44,711,1400,N/A,ENABLED,44,711,1400,N/A,ENABLED,44,711,1400,N/A,ENABLED,44,711,1400,N/A,ENABLED,N/A,67,67
1743961074,0,837,N/A,N/A,N/A,N/A,ENABLED,2000,500,2100,DISABLED,DISABLED,1985,500,2100,DISABLED,DISABLED,2001,500,2100,DISABLED,DISABLED,2002,500,2100,DISABLED,DISABLED,2005,500,2100,DISABLED,DISABLED,1992,500,2100,DISABLED,DISABLED,2005,500,2100,DISABLED,DISABLED,2000,500,2100,DISABLED,DISABLED,1500,900,1500,N/A,DISABLED,53,914,1680,N/A,ENABLED,53,914,1680,N/A,ENABLED,53,914,1680,N/A,ENABLED,53,914,1680,N/A,ENABLED,44,711,1400,N/A,ENABLED,44,711,1400,N/A,ENABLED,44,711,1400,N/A,ENABLED,44,711,1400,N/A,ENABLED,N/A,74,76,1,791,N/A,N/A,N/A,N/A,ENABLED,2060,500,2100,DISABLED,DISABLED,2059,500,2100,DISABLED,DISABLED,2069,500,2100,DISABLED,DISABLED,2051,500,2100,DISABLED,DISABLED,2059,500,2100,DISABLED,DISABLED,2058,500,2100,DISABLED,DISABLED,2054,500,2100,DISABLED,DISABLED,2050,500,2100,DISABLED,DISABLED,1500,900,1500,N/A,DISABLED,53,914,1680,N/A,ENABLED,53,914,1680,N/A,ENABLED,53,914,1680,N/A,ENABLED,53,914,1680,N/A,ENABLED,44,711,1400,N/A,ENABLED,44,711,1400,N/A,ENABLED,44,711,1400,N/A,ENABLED,44,711,1400,N/A,ENABLED,N/A,63,65,2,801,N/A,N/A,N/A,N/A,ENABLED,2014,500,2100,DISABLED,DISABLED,2006,500,2100,DISABLED,DISABLED,2015,500,2100,DISABLED,DISABLED,2003,500,2100,DISABLED,DISABLED,2009,500,2100,DISABLED,DISABLED,1991,500,2100,DISABLED,DISABLED,2018,500,2100,DISABLED,DISABLED,2014,500,2100,DISABLED,DISABLED,1500,900,1500,N/A,DISABLED,53,914,1680,N/A,ENABLED,53,914,1680,N/A,ENABLED,53,914,1680,N/A,ENABLED,53,914,1680,N/A,ENABLED,44,711,1400,N/A,ENABLED,44,711,1400,N/A,ENABLED,44,711,1400,N/A,ENABLED,44,711,1400,N/A,ENABLED,N/A,64,67,3,842,N/A,N/A,N/A,N/A,ENABLED,1912,500,2100,DISABLED,DISABLED,1908,500,2100,DISABLED,DISABLED,1916,500,2100,DISABLED,DISABLED,1910,500,2100,DISABLED,DISABLED,1903,500,2100,DISABLED,DISABLED,1900,500,2100,DISABLED,DISABLED,1908,500,2100,DISABLED,DISABLED,1901,500,2100,DISABLED,DISABLED,1500,900,1500,N/A,DISABLED,53,914,1680,N/A,ENABLED,53,914,1680,N/A,ENABLED,53,914,1680,N/A,ENABLED,53,914,1680,N/A,ENABLED,44,711,1400,N/A,ENABLED,44,711,1400,N/A,ENABLED,44,711,1400,N/A,ENABLED,44,711,1400,N/A,ENABLED,N/A,80,78,4,829,N/A,N/A,N/A,N/A,ENABLED,2040,500,2100,DISABLED,DISABLED,2034,500,2100,DISABLED,DISABLED,2046,500,2100,DISABLED,DISABLED,2033,500,2100,DISABLED,DISABLED,2040,500,2100,DISABLED,DISABLED,2036,500,2100,DISABLED,DISABLED,2039,500,2100,DISABLED,DISABLED,2027,500,2100,DISABLED,DISABLED,1500,900,1500,N/A,DISABLED,53,914,1680,N/A,ENABLED,53,914,1680,N/A,ENABLED,53,914,1680,N/A,ENABLED,53,914,1680,N/A,ENABLED,44,711,1400,N/A,ENABLED,44,711,1400,N/A,ENABLED,44,711,1400,N/A,ENABLED,44,711,1400,N/A,ENABLED,N/A,75,76,5,819,N/A,N/A,N/A,N/A,ENABLED,2051,500,2100,DISABLED,DISABLED,2049,500,2100,DISABLED,DISABLED,2050,500,2100,DISABLED,DISABLED,2047,500,2100,DISABLED,DISABLED,2059,500,2100,DISABLED,DISABLED,2044,500,2100,DISABLED,DISABLED,2059,500,2100,DISABLED,DISABLED,2046,500,2100,DISABLED,DISABLED,1500,900,1500,N/A,DISABLED,53,914,1680,N/A,ENABLED,53,914,1680,N/A,ENABLED,53,914,1680,N/A,ENABLED,53,914,1680,N/A,ENABLED,44,711,1400,N/A,ENABLED,44,711,1400,N/A,ENABLED,44,711,1400,N/A,ENABLED,44,711,1400,N/A,ENABLED,N/A,63,66,6,859,N/A,N/A,N/A,N/A,ENABLED,1954,500,2100,DISABLED,DISABLED,1947,500,2100,DISABLED,DISABLED,1969,500,2100,DISABLED,DISABLED,1958,500,2100,DISABLED,DISABLED,1960,500,2100,DISABLED,DISABLED,1945,500,2100,DISABLED,DISABLED,1960,500,2100,DISABLED,DISABLED,1956,500,2100,DISABLED,DISABLED,1500,900,1500,N/A,DISABLED,53,914,1680,N/A,ENABLED,53,914,1680,N/A,ENABLED,53,914,1680,N/A,ENABLED,53,914,1680,N/A,ENABLED,44,711,1400,N/A,ENABLED,44,711,1400,N/A,ENABLED,44,711,1400,N/A,ENABLED,44,711,1400,N/A,ENABLED,N/A,76,79,7,819,N/A,N/A,N/A,N/A,ENABLED,2036,500,2100,DISABLED,DISABLED,2033,500,2100,DISABLED,DISABLED,2044,500,2100,DISABLED,DISABLED,2040,500,2100,DISABLED,DISABLED,2041,500,2100,DISABLED,DISABLED,2030,500,2100,DISABLED,DISABLED,2048,500,2100,DISABLED,DISABLED,2037,500,2100,DISABLED,DISABLED,1500,900,1500,N/A,DISABLED,53,914,1680,N/A,ENABLED,53,914,1680,N/A,ENABLED,53,914,1680,N/A,ENABLED,53,914,1680,N/A,ENABLED,44,711,1400,N/A,ENABLED,44,711,1400,N/A,ENABLED,44,711,1400,N/A,ENABLED,44,711,1400,N/A,ENABLED,N/A,67,68
1743961075,0,832,N/A,N/A,N/A,N/A,ENABLED,1994,500,2100,DISABLED,DISABLED,1978,500,2100,DISABLED,DISABLED,1995,500,2100,DISABLED,DISABLED,1996,500,2100,DISABLED,DISABLED,1999,500,2100,DISABLED,DISABLED,1985,500,2100,DISABLED,DISABLED,2000,500,2100,DISABLED,DISABLED,1994,500,2100,DISABLED,DISABLED,1500,900,1500,N/A,DISABLED,53,914,1680,N/A,ENABLED,53,914,1680,N/A,ENABLED,53,914,1680,N/A,ENABLED,53,914,1680,N/A,ENABLED,44,711,1400,N/A,ENABLED,44,711,1400,N/A,ENABLED,44,711,1400,N/A,ENABLED,44,711,1400,N/A,ENABLED,N/A,74,76,1,796,N/A,N/A,N/A,N/A,ENABLED,2061,500,2100,DISABLED,DISABLED,2060,500,2100,DISABLED,DISABLED,2069,500,2100,DISABLED,DISABLED,2051,500,2100,DISABLED,DISABLED,2060,500,2100,DISABLED,DISABLED,2059,500,2100,DISABLED,DISABLED,2055,500,2100,DISABLED,DISABLED,2051,500,2100,DISABLED,DISABLED,1500,900,1500,N/A,DISABLED,53,914,1680,N/A,ENABLED,53,914,1680,N/A,ENABLED,53,914,1680,N/A,ENABLED,53,914,1680,N/A,ENABLED,44,711,1400,N/A,ENABLED,44,711,1400,N/A,ENABLED,44,711,1400,N/A,ENABLED,44,711,1400,N/A,ENABLED,N/A,63,64,2,804,N/A,N/A,N/A,N/A,ENABLED,2009,500,2100,DISABLED,DISABLED,2001,500,2100,DISABLED,DISABLED,2011,500,2100,DISABLED,DISABLED,1998,500,2100,DISABLED,DISABLED,2003,500,2100,DISABLED,DISABLED,1986,500,2100,DISABLED,DISABLED,2013,500,2100,DISABLED,DISABLED,2008,500,2100,DISABLED,DISABLED,1500,900,1500,N/A,DISABLED,53,914,1680,N/A,ENABLED,53,914,1680,N/A,ENABLED,53,914,1680,N/A,ENABLED,53,914,1680,N/A,ENABLED,44,711,1400,N/A,ENABLED,44,711,1400,N/A,ENABLED,44,711,1400,N/A,ENABLED,44,711,1400,N/A,ENABLED,N/A,64,67,3,842,N/A,N/A,N/A,N/A,ENABLED,1908,500,2100,DISABLED,DISABLED,1904,500,2100,DISABLED,DISABLED,1911,500,2100,DISABLED,DISABLED,1906,500,2100,DISABLED,DISABLED,1900,500,2100,DISABLED,DISABLED,1896,500,2100,DISABLED,DISABLED,1904,500,2100,DISABLED,DISABLED,1896,500,2100,DISABLED,DISABLED,1500,900,1500,N/A,DISABLED,53,914,1680,N/A,ENABLED,53,914,1680,N/A,ENABLED,53,914,1680,N/A,ENABLED,53,914,1680,N/A,ENABLED,44,711,1400,N/A,ENABLED,44,711,1400,N/A,ENABLED,44,711,1400,N/A,ENABLED,44,711,1400,N/A,ENABLED,N/A,80,78,4,834,N/A,N/A,N/A,N/A,ENABLED,2038,500,2100,DISABLED,DISABLED,2032,500,2100,DISABLED,DISABLED,2045,500,2100,DISABLED,DISABLED,2031,500,2100,DISABLED,DISABLED,2039,500,2100,DISABLED,DISABLED,2035,500,2100,DISABLED,DISABLED,2037,500,2100,DISABLED,DISABLED,2024,500,2100,DISABLED,DISABLED,1500,900,1500,N/A,DISABLED,53,914,1680,N/A,ENABLED,53,914,1680,N/A,ENABLED,53,914,1680,N/A,ENABLED,53,914,1680,N/A,ENABLED,44,711,1400,N/A,ENABLED,44,711,1400,N/A,ENABLED,44,711,1400,N/A,ENABLED,44,711,1400,N/A,ENABLED,N/A,75,77,5,818,N/A,N/A,N/A,N/A,ENABLED,2050,500,2100,DISABLED,DISABLED,2047,500,2100,DISABLED,DISABLED,2050,500,2100,DISABLED,DISABLED,2046,500,2100,DISABLED,DISABLED,2059,500,2100,DISABLED,DISABLED,2043,500,2100,DISABLED,DISABLED,2058,500,2100,DISABLED,DISABLED,2045,500,2100,DISABLED,DISABLED,1500,900,1500,N/A,DISABLED,53,914,1680,N/A,ENABLED,53,914,1680,N/A,ENABLED,53,914,1680,N/A,ENABLED,53,914,1680,N/A,ENABLED,44,711,1400,N/A,ENABLED,44,711,1400,N/A,ENABLED,44,711,1400,N/A,ENABLED,44,711,1400,N/A,ENABLED,N/A,63,65,6,856,N/A,N/A,N/A,N/A,ENABLED,1950,500,2100,DISABLED,DISABLED,1943,500,2100,DISABLED,DISABLED,1965,500,2100,DISABLED,DISABLED,1954,500,2100,DISABLED,DISABLED,1957,500,2100,DISABLED,DISABLED,1940,500,2100,DISABLED,DISABLED,1956,500,2100,DISABLED,DISABLED,1952,500,2100,DISABLED,DISABLED,1500,900,1500,N/A,DISABLED,53,914,1680,N/A,ENABLED,53,914,1680,N/A,ENABLED,53,914,1680,N/A,ENABLED,53,914,1680,N/A,ENABLED,44,711,1400,N/A,ENABLED,44,711,1400,N/A,ENABLED,44,711,1400,N/A,ENABLED,44,711,1400,N/A,ENABLED,N/A,76,78,7,817,N/A,N/A,N/A,N/A,ENABLED,2036,500,2100,DISABLED,DISABLED,2032,500,2100,DISABLED,DISABLED,2044,500,2100,DISABLED,DISABLED,2040,500,2100,DISABLED,DISABLED,2041,500,2100,DISABLED,DISABLED,2030,500,2100,DISABLED,DISABLED,2046,500,2100,DISABLED,DISABLED,2036,500,2100,DISABLED,DISABLED,1500,900,1500,N/A,DISABLED,53,914,1680,N/A,ENABLED,53,914,1680,N/A,ENABLED,53,914,1680,N/A,ENABLED,53,914,1680,N/A,ENABLED,44,711,1400,N/A,ENABLED,44,711,1400,N/A,ENABLED,44,711,1400,N/A,ENABLED,44,711,1400,N/A,ENABLED,N/A,67,68
1743961076,0,832,N/A,N/A,N/A,N/A,ENABLED,1991,500,2100,DISABLED,DISABLED,1975,500,2100,DISABLED,DISABLED,1991,500,2100,DISABLED,DISABLED,1993,500,2100,DISABLED,DISABLED,1995,500,2100,DISABLED,DISABLED,1982,500,2100,DISABLED,DISABLED,1995,500,2100,DISABLED,DISABLED,1989,500,2100,DISABLED,DISABLED,1500,900,1500,N/A,DISABLED,53,914,1680,N/A,ENABLED,53,914,1680,N/A,ENABLED,53,914,1680,N/A,ENABLED,53,914,1680,N/A,ENABLED,44,711,1400,N/A,ENABLED,44,711,1400,N/A,ENABLED,44,711,1400,N/A,ENABLED,44,711,1400,N/A,ENABLED,N/A,74,76,1,797,N/A,N/A,N/A,N/A,ENABLED,2059,500,2100,DISABLED,DISABLED,2058,500,2100,DISABLED,DISABLED,2066,500,2100,DISABLED,DISABLED,2049,500,2100,DISABLED,DISABLED,2057,500,2100,DISABLED,DISABLED,2057,500,2100,DISABLED,DISABLED,2052,500,2100,DISABLED,DISABLED,2049,500,2100,DISABLED,DISABLED,1500,900,1500,N/A,DISABLED,53,914,1680,N/A,ENABLED,53,914,1680,N/A,ENABLED,53,914,1680,N/A,ENABLED,53,914,1680,N/A,ENABLED,44,711,1400,N/A,ENABLED,44,711,1400,N/A,ENABLED,44,711,1400,N/A,ENABLED,44,711,1400,N/A,ENABLED,N/A,63,65,2,805,N/A,N/A,N/A,N/A,ENABLED,2002,500,2100,DISABLED,DISABLED,1994,500,2100,DISABLED,DISABLED,2005,500,2100,DISABLED,DISABLED,1992,500,2100,DISABLED,DISABLED,1997,500,2100,DISABLED,DISABLED,1980,500,2100,DISABLED,DISABLED,2007,500,2100,DISABLED,DISABLED,2002,500,2100,DISABLED,DISABLED,1500,900,1500,N/A,DISABLED,53,914,1680,N/A,ENABLED,53,914,1680,N/A,ENABLED,53,914,1680,N/A,ENABLED,53,914,1680,N/A,ENABLED,44,711,1400,N/A,ENABLED,44,711,1400,N/A,ENABLED,44,711,1400,N/A,ENABLED,44,711,1400,N/A,ENABLED,N/A,64,68,3,845,N/A,N/A,N/A,N/A,ENABLED,1899,500,2100,DISABLED,DISABLED,1896,500,2100,DISABLED,DISABLED,1903,500,2100,DISABLED,DISABLED,1897,500,2100,DISABLED,DISABLED,1891,500,2100,DISABLED,DISABLED,1888,500,2100,DISABLED,DISABLED,1895,500,2100,DISABLED,DISABLED,1889,500,2100,DISABLED,DISABLED,1500,900,1500,N/A,DISABLED,53,914,1680,N/A,ENABLED,53,914,1680,N/A,ENABLED,53,914,1680,N/A,ENABLED,53,914,1680,N/A,ENABLED,44,711,1400,N/A,ENABLED,44,711,1400,N/A,ENABLED,44,711,1400,N/A,ENABLED,44,711,1400,N/A,ENABLED,N/A,81,78,4,842,N/A,N/A,N/A,N/A,ENABLED,2026,500,2100,DISABLED,DISABLED,2021,500,2100,DISABLED,DISABLED,2033,500,2100,DISABLED,DISABLED,2019,500,2100,DISABLED,DISABLED,2026,500,2100,DISABLED,DISABLED,2022,500,2100,DISABLED,DISABLED,2025,500,2100,DISABLED,DISABLED,2013,500,2100,DISABLED,DISABLED,1500,900,1500,N/A,DISABLED,53,914,1680,N/A,ENABLED,53,914,1680,N/A,ENABLED,53,914,1680,N/A,ENABLED,53,914,1680,N/A,ENABLED,44,711,1400,N/A,ENABLED,44,711,1400,N/A,ENABLED,44,711,1400,N/A,ENABLED,44,711,1400,N/A,ENABLED,N/A,75,77,5,820,N/A,N/A,N/A,N/A,ENABLED,2049,500,2100,DISABLED,DISABLED,2046,500,2100,DISABLED,DISABLED,2049,500,2100,DISABLED,DISABLED,2045,500,2100,DISABLED,DISABLED,2058,500,2100,DISABLED,DISABLED,2043,500,2100,DISABLED,DISABLED,2058,500,2100,DISABLED,DISABLED,2045,500,2100,DISABLED,DISABLED,1500,900,1500,N/A,DISABLED,53,914,1680,N/A,ENABLED,53,914,1680,N/A,ENABLED,53,914,1680,N/A,ENABLED,53,914,1680,N/A,ENABLED,44,711,1400,N/A,ENABLED,44,711,1400,N/A,ENABLED,44,711,1400,N/A,ENABLED,44,711,1400,N/A,ENABLED,N/A,63,66,6,857,N/A,N/A,N/A,N/A,ENABLED,1941,500,2100,DISABLED,DISABLED,1936,500,2100,DISABLED,DISABLED,1957,500,2100,DISABLED,DISABLED,1945,500,2100,DISABLED,DISABLED,1948,500,2100,DISABLED,DISABLED,1932,500,2100,DISABLED,DISABLED,1947,500,2100,DISABLED,DISABLED,1944,500,2100,DISABLED,DISABLED,1500,900,1500,N/A,DISABLED,53,914,1680,N/A,ENABLED,53,914,1680,N/A,ENABLED,53,914,1680,N/A,ENABLED,53,914,1680,N/A,ENABLED,44,711,1400,N/A,ENABLED,44,711,1400,N/A,ENABLED,44,711,1400,N/A,ENABLED,44,711,1400,N/A,ENABLED,N/A,77,80,7,818,N/A,N/A,N/A,N/A,ENABLED,2029,500,2100,DISABLED,DISABLED,2025,500,2100,DISABLED,DISABLED,2037,500,2100,DISABLED,DISABLED,2033,500,2100,DISABLED,DISABLED,2034,500,2100,DISABLED,DISABLED,2022,500,2100,DISABLED,DISABLED,2039,500,2100,DISABLED,DISABLED,2030,500,2100,DISABLED,DISABLED,1500,900,1500,N/A,DISABLED,53,914,1680,N/A,ENABLED,53,914,1680,N/A,ENABLED,53,914,1680,N/A,ENABLED,53,914,1680,N/A,ENABLED,44,711,1400,N/A,ENABLED,44,711,1400,N/A,ENABLED,44,711,1400,N/A,ENABLED,44,711,1400,N/A,ENABLED,N/A,68,68
1743961078,0,834,N/A,N/A,N/A,N/A,ENABLED,1987,500,2100,DISABLED,DISABLED,1972,500,2100,DISABLED,DISABLED,1988,500,2100,DISABLED,DISABLED,1990,500,2100,DISABLED,DISABLED,1992,500,2100,DISABLED,DISABLED,1979,500,2100,DISABLED,DISABLED,1994,500,2100,DISABLED,DISABLED,1988,500,2100,DISABLED,DISABLED,1500,900,1500,N/A,DISABLED,53,914,1680,N/A,ENABLED,53,914,1680,N/A,ENABLED,53,914,1680,N/A,ENABLED,53,914,1680,N/A,ENABLED,44,711,1400,N/A,ENABLED,44,711,1400,N/A,ENABLED,44,711,1400,N/A,ENABLED,44,711,1400,N/A,ENABLED,N/A,75,77,1,793,N/A,N/A,N/A,N/A,ENABLED,2058,500,2100,DISABLED,DISABLED,2056,500,2100,DISABLED,DISABLED,2065,500,2100,DISABLED,DISABLED,2046,500,2100,DISABLED,DISABLED,2056,500,2100,DISABLED,DISABLED,2056,500,2100,DISABLED,DISABLED,2052,500,2100,DISABLED,DISABLED,2048,500,2100,DISABLED,DISABLED,1500,900,1500,N/A,DISABLED,53,914,1680,N/A,ENABLED,53,914,1680,N/A,ENABLED,53,914,1680,N/A,ENABLED,53,914,1680,N/A,ENABLED,44,711,1400,N/A,ENABLED,44,711,1400,N/A,ENABLED,44,711,1400,N/A,ENABLED,44,711,1400,N/A,ENABLED,N/A,63,65,2,808,N/A,N/A,N/A,N/A,ENABLED,1998,500,2100,DISABLED,DISABLED,1990,500,2100,DISABLED,DISABLED,2001,500,2100,DISABLED,DISABLED,1988,500,2100,DISABLED,DISABLED,1992,500,2100,DISABLED,DISABLED,1976,500,2100,DISABLED,DISABLED,2001,500,2100,DISABLED,DISABLED,1997,500,2100,DISABLED,DISABLED,1500,900,1500,N/A,DISABLED,53,914,1680,N/A,ENABLED,53,914,1680,N/A,ENABLED,53,914,1680,N/A,ENABLED,53,914,1680,N/A,ENABLED,44,711,1400,N/A,ENABLED,44,711,1400,N/A,ENABLED,44,711,1400,N/A,ENABLED,44,711,1400,N/A,ENABLED,N/A,64,68,3,846,N/A,N/A,N/A,N/A,ENABLED,1891,500,2100,DISABLED,DISABLED,1889,500,2100,DISABLED,DISABLED,1896,500,2100,DISABLED,DISABLED,1890,500,2100,DISABLED,DISABLED,1883,500,2100,DISABLED,DISABLED,1879,500,2100,DISABLED,DISABLED,1887,500,2100,DISABLED,DISABLED,1881,500,2100,DISABLED,DISABLED,1500,900,1500,N/A,DISABLED,53,914,1680,N/A,ENABLED,53,914,1680,N/A,ENABLED,53,914,1680,N/A,ENABLED,53,914,1680,N/A,ENABLED,44,711,1400,N/A,ENABLED,44,711,1400,N/A,ENABLED,44,711,1400,N/A,ENABLED,44,711,1400,N/A,ENABLED,N/A,81,79,4,835,N/A,N/A,N/A,N/A,ENABLED,2022,500,2100,DISABLED,DISABLED,2017,500,2100,DISABLED,DISABLED,2029,500,2100,DISABLED,DISABLED,2016,500,2100,DISABLED,DISABLED,2023,500,2100,DISABLED,DISABLED,2019,500,2100,DISABLED,DISABLED,2022,500,2100,DISABLED,DISABLED,2009,500,2100,DISABLED,DISABLED,1500,900,1500,N/A,DISABLED,53,914,1680,N/A,ENABLED,53,914,1680,N/A,ENABLED,53,914,1680,N/A,ENABLED,53,914,1680,N/A,ENABLED,44,711,1400,N/A,ENABLED,44,711,1400,N/A,ENABLED,44,711,1400,N/A,ENABLED,44,711,1400,N/A,ENABLED,N/A,76,78,5,818,N/A,N/A,N/A,N/A,ENABLED,2049,500,2100,DISABLED,DISABLED,2046,500,2100,DISABLED,DISABLED,2048,500,2100,DISABLED,DISABLED,2044,500,2100,DISABLED,DISABLED,2058,500,2100,DISABLED,DISABLED,2041,500,2100,DISABLED,DISABLED,2057,500,2100,DISABLED,DISABLED,2044,500,2100,DISABLED,DISABLED,1500,900,1500,N/A,DISABLED,53,914,1680,N/A,ENABLED,53,914,1680,N/A,ENABLED,53,914,1680,N/A,ENABLED,53,914,1680,N/A,ENABLED,44,711,1400,N/A,ENABLED,44,711,1400,N/A,ENABLED,44,711,1400,N/A,ENABLED,44,711,1400,N/A,ENABLED,N/A,64,66,6,854,N/A,N/A,N/A,N/A,ENABLED,1939,500,2100,DISABLED,DISABLED,1933,500,2100,DISABLED,DISABLED,1956,500,2100,DISABLED,DISABLED,1944,500,2100,DISABLED,DISABLED,1948,500,2100,DISABLED,DISABLED,1928,500,2100,DISABLED,DISABLED,1946,500,2100,DISABLED,DISABLED,1943,500,2100,DISABLED,DISABLED,1500,900,1500,N/A,DISABLED,53,914,1680,N/A,ENABLED,53,914,1680,N/A,ENABLED,53,914,1680,N/A,ENABLED,53,914,1680,N/A,ENABLED,44,711,1400,N/A,ENABLED,44,711,1400,N/A,ENABLED,44,711,1400,N/A,ENABLED,44,711,1400,N/A,ENABLED,N/A,77,80,7,814,N/A,N/A,N/A,N/A,ENABLED,2028,500,2100,DISABLED,DISABLED,2023,500,2100,DISABLED,DISABLED,2035,500,2100,DISABLED,DISABLED,2031,500,2100,DISABLED,DISABLED,2032,500,2100,DISABLED,DISABLED,2021,500,2100,DISABLED,DISABLED,2037,500,2100,DISABLED,DISABLED,2027,500,2100,DISABLED,DISABLED,1500,900,1500,N/A,DISABLED,53,914,1680,N/A,ENABLED,53,914,1680,N/A,ENABLED,53,914,1680,N/A,ENABLED,53,914,1680,N/A,ENABLED,44,711,1400,N/A,ENABLED,44,711,1400,N/A,ENABLED,44,711,1400,N/A,ENABLED,44,711,1400,N/A,ENABLED,N/A,68,68
1743961079,0,837,N/A,N/A,N/A,N/A,ENABLED,1981,500,2100,DISABLED,DISABLED,1966,500,2100,DISABLED,DISABLED,1983,500,2100,DISABLED,DISABLED,1984,500,2100,DISABLED,DISABLED,1985,500,2100,DISABLED,DISABLED,1972,500,2100,DISABLED,DISABLED,1986,500,2100,DISABLED,DISABLED,1980,500,2100,DISABLED,DISABLED,1500,900,1500,N/A,DISABLED,53,914,1680,N/A,ENABLED,53,914,1680,N/A,ENABLED,53,914,1680,N/A,ENABLED,53,914,1680,N/A,ENABLED,44,711,1400,N/A,ENABLED,44,711,1400,N/A,ENABLED,44,711,1400,N/A,ENABLED,44,711,1400,N/A,ENABLED,N/A,75,78,1,798,N/A,N/A,N/A,N/A,ENABLED,2056,500,2100,DISABLED,DISABLED,2054,500,2100,DISABLED,DISABLED,2063,500,2100,DISABLED,DISABLED,2045,500,2100,DISABLED,DISABLED,2054,500,2100,DISABLED,DISABLED,2054,500,2100,DISABLED,DISABLED,2050,500,2100,DISABLED,DISABLED,2045,500,2100,DISABLED,DISABLED,1500,900,1500,N/A,DISABLED,53,914,1680,N/A,ENABLED,53,914,1680,N/A,ENABLED,53,914,1680,N/A,ENABLED,53,914,1680,N/A,ENABLED,44,711,1400,N/A,ENABLED,44,711,1400,N/A,ENABLED,44,711,1400,N/A,ENABLED,44,711,1400,N/A,ENABLED,N/A,63,66,2,810,N/A,N/A,N/A,N/A,ENABLED,1995,500,2100,DISABLED,DISABLED,1987,500,2100,DISABLED,DISABLED,1997,500,2100,DISABLED,DISABLED,1984,500,2100,DISABLED,DISABLED,1989,500,2100,DISABLED,DISABLED,1972,500,2100,DISABLED,DISABLED,1997,500,2100,DISABLED,DISABLED,1994,500,2100,DISABLED,DISABLED,1500,900,1500,N/A,DISABLED,53,914,1680,N/A,ENABLED,53,914,1680,N/A,ENABLED,53,914,1680,N/A,ENABLED,53,914,1680,N/A,ENABLED,44,711,1400,N/A,ENABLED,44,711,1400,N/A,ENABLED,44,711,1400,N/A,ENABLED,44,711,1400,N/A,ENABLED,N/A,64,68,3,847,N/A,N/A,N/A,N/A,ENABLED,1887,500,2100,DISABLED,DISABLED,1883,500,2100,DISABLED,DISABLED,1891,500,2100,DISABLED,DISABLED,1885,500,2100,DISABLED,DISABLED,1878,500,2100,DISABLED,DISABLED,1874,500,2100,DISABLED,DISABLED,1882,500,2100,DISABLED,DISABLED,1876,500,2100,DISABLED,DISABLED,1500,900,1500,N/A,DISABLED,53,914,1680,N/A,ENABLED,53,914,1680,N/A,ENABLED,53,914,1680,N/A,ENABLED,53,914,1680,N/A,ENABLED,44,711,1400,N/A,ENABLED,44,711,1400,N/A,ENABLED,44,711,1400,N/A,ENABLED,44,711,1400,N/A,ENABLED,N/A,82,79,4,840,N/A,N/A,N/A,N/A,ENABLED,2018,500,2100,DISABLED,DISABLED,2012,500,2100,DISABLED,DISABLED,2025,500,2100,DISABLED,DISABLED,2011,500,2100,DISABLED,DISABLED,2018,500,2100,DISABLED,DISABLED,2014,500,2100,DISABLED,DISABLED,2016,500,2100,DISABLED,DISABLED,2004,500,2100,DISABLED,DISABLED,1500,900,1500,N/A,DISABLED,53,914,1680,N/A,ENABLED,53,914,1680,N/A,ENABLED,53,914,1680,N/A,ENABLED,53,914,1680,N/A,ENABLED,44,711,1400,N/A,ENABLED,44,711,1400,N/A,ENABLED,44,711,1400,N/A,ENABLED,44,711,1400,N/A,ENABLED,N/A,76,78,5,810,N/A,N/A,N/A,N/A,ENABLED,2045,500,2100,DISABLED,DISABLED,2042,500,2100,DISABLED,DISABLED,2046,500,2100,DISABLED,DISABLED,2042,500,2100,DISABLED,DISABLED,2054,500,2100,DISABLED,DISABLED,2038,500,2100,DISABLED,DISABLED,2053,500,2100,DISABLED,DISABLED,2041,500,2100,DISABLED,DISABLED,1500,900,1500,N/A,DISABLED,53,914,1680,N/A,ENABLED,53,914,1680,N/A,ENABLED,53,914,1680,N/A,ENABLED,53,914,1680,N/A,ENABLED,44,711,1400,N/A,ENABLED,44,711,1400,N/A,ENABLED,44,711,1400,N/A,ENABLED,44,711,1400,N/A,ENABLED,N/A,64,66,6,855,N/A,N/A,N/A,N/A,ENABLED,1930,500,2100,DISABLED,DISABLED,1925,500,2100,DISABLED,DISABLED,1947,500,2100,DISABLED,DISABLED,1935,500,2100,DISABLED,DISABLED,1939,500,2100,DISABLED,DISABLED,1923,500,2100,DISABLED,DISABLED,1938,500,2100,DISABLED,DISABLED,1934,500,2100,DISABLED,DISABLED,1500,900,1500,N/A,DISABLED,53,914,1680,N/A,ENABLED,53,914,1680,N/A,ENABLED,53,914,1680,N/A,ENABLED,53,914,1680,N/A,ENABLED,44,711,1400,N/A,ENABLED,44,711,1400,N/A,ENABLED,44,711,1400,N/A,ENABLED,44,711,1400,N/A,ENABLED,N/A,78,80,7,816,N/A,N/A,N/A,N/A,ENABLED,2024,500,2100,DISABLED,DISABLED,2020,500,2100,DISABLED,DISABLED,2032,500,2100,DISABLED,DISABLED,2029,500,2100,DISABLED,DISABLED,2029,500,2100,DISABLED,DISABLED,2017,500,2100,DISABLED,DISABLED,2034,500,2100,DISABLED,DISABLED,2024,500,2100,DISABLED,DISABLED,1500,900,1500,N/A,DISABLED,53,914,1680,N/A,ENABLED,53,914,1680,N/A,ENABLED,53,914,1680,N/A,ENABLED,53,914,1680,N/A,ENABLED,44,711,1400,N/A,ENABLED,44,711,1400,N/A,ENABLED,44,711,1400,N/A,ENABLED,44,711,1400,N/A,ENABLED,N/A,68,68
1743961080,0,838,N/A,N/A,N/A,N/A,ENABLED,1980,500,2100,DISABLED,DISABLED,1964,500,2100,DISABLED,DISABLED,1981,500,2100,DISABLED,DISABLED,1982,500,2100,DISABLED,DISABLED,1984,500,2100,DISABLED,DISABLED,1971,500,2100,DISABLED,DISABLED,1985,500,2100,DISABLED,DISABLED,1979,500,2100,DISABLED,DISABLED,1500,900,1500,N/A,DISABLED,53,914,1680,N/A,ENABLED,53,914,1680,N/A,ENABLED,53,914,1680,N/A,ENABLED,53,914,1680,N/A,ENABLED,44,711,1400,N/A,ENABLED,44,711,1400,N/A,ENABLED,44,711,1400,N/A,ENABLED,44,711,1400,N/A,ENABLED,N/A,75,78,1,800,N/A,N/A,N/A,N/A,ENABLED,2056,500,2100,DISABLED,DISABLED,2055,500,2100,DISABLED,DISABLED,2065,500,2100,DISABLED,DISABLED,2047,500,2100,DISABLED,DISABLED,2054,500,2100,DISABLED,DISABLED,2055,500,2100,DISABLED,DISABLED,2051,500,2100,DISABLED,DISABLED,2046,500,2100,DISABLED,DISABLED,1500,900,1500,N/A,DISABLED,53,914,1680,N/A,ENABLED,53,914,1680,N/A,ENABLED,53,914,1680,N/A,ENABLED,53,914,1680,N/A,ENABLED,44,711,1400,N/A,ENABLED,44,711,1400,N/A,ENABLED,44,711,1400,N/A,ENABLED,44,711,1400,N/A,ENABLED,N/A,63,65,2,805,N/A,N/A,N/A,N/A,ENABLED,1999,500,2100,DISABLED,DISABLED,1990,500,2100,DISABLED,DISABLED,2000,500,2100,DISABLED,DISABLED,1988,500,2100,DISABLED,DISABLED,1993,500,2100,DISABLED,DISABLED,1976,500,2100,DISABLED,DISABLED,2001,500,2100,DISABLED,DISABLED,1998,500,2100,DISABLED,DISABLED,1500,900,1500,N/A,DISABLED,53,914,1680,N/A,ENABLED,53,914,1680,N/A,ENABLED,53,914,1680,N/A,ENABLED,53,914,1680,N/A,ENABLED,44,711,1400,N/A,ENABLED,44,711,1400,N/A,ENABLED,44,711,1400,N/A,ENABLED,44,711,1400,N/A,ENABLED,N/A,64,68,3,848,N/A,N/A,N/A,N/A,ENABLED,1892,500,2100,DISABLED,DISABLED,1890,500,2100,DISABLED,DISABLED,1896,500,2100,DISABLED,DISABLED,1890,500,2100,DISABLED,DISABLED,1885,500,2100,DISABLED,DISABLED,1879,500,2100,DISABLED,DISABLED,1888,500,2100,DISABLED,DISABLED,1881,500,2100,DISABLED,DISABLED,1500,900,1500,N/A,DISABLED,53,914,1680,N/A,ENABLED,53,914,1680,N/A,ENABLED,53,914,1680,N/A,ENABLED,53,914,1680,N/A,ENABLED,44,711,1400,N/A,ENABLED,44,711,1400,N/A,ENABLED,44,711,1400,N/A,ENABLED,44,711,1400,N/A,ENABLED,N/A,82,79,4,837,N/A,N/A,N/A,N/A,ENABLED,2016,500,2100,DISABLED,DISABLED,2010,500,2100,DISABLED,DISABLED,2022,500,2100,DISABLED,DISABLED,2008,500,2100,DISABLED,DISABLED,2015,500,2100,DISABLED,DISABLED,2012,500,2100,DISABLED,DISABLED,2015,500,2100,DISABLED,DISABLED,2002,500,2100,DISABLED,DISABLED,1500,900,1500,N/A,DISABLED,53,914,1680,N/A,ENABLED,53,914,1680,N/A,ENABLED,53,914,1680,N/A,ENABLED,53,914,1680,N/A,ENABLED,44,711,1400,N/A,ENABLED,44,711,1400,N/A,ENABLED,44,711,1400,N/A,ENABLED,44,711,1400,N/A,ENABLED,N/A,76,79,5,812,N/A,N/A,N/A,N/A,ENABLED,2045,500,2100,DISABLED,DISABLED,2041,500,2100,DISABLED,DISABLED,2045,500,2100,DISABLED,DISABLED,2041,500,2100,DISABLED,DISABLED,2054,500,2100,DISABLED,DISABLED,2038,500,2100,DISABLED,DISABLED,2053,500,2100,DISABLED,DISABLED,2040,500,2100,DISABLED,DISABLED,1500,900,1500,N/A,DISABLED,53,914,1680,N/A,ENABLED,53,914,1680,N/A,ENABLED,53,914,1680,N/A,ENABLED,53,914,1680,N/A,ENABLED,44,711,1400,N/A,ENABLED,44,711,1400,N/A,ENABLED,44,711,1400,N/A,ENABLED,44,711,1400,N/A,ENABLED,N/A,64,66,6,858,N/A,N/A,N/A,N/A,ENABLED,1926,500,2100,DISABLED,DISABLED,1920,500,2100,DISABLED,DISABLED,1942,500,2100,DISABLED,DISABLED,1929,500,2100,DISABLED,DISABLED,1934,500,2100,DISABLED,DISABLED,1917,500,2100,DISABLED,DISABLED,1933,500,2100,DISABLED,DISABLED,1928,500,2100,DISABLED,DISABLED,1500,900,1500,N/A,DISABLED,53,914,1680,N/A,ENABLED,53,914,1680,N/A,ENABLED,53,914,1680,N/A,ENABLED,53,914,1680,N/A,ENABLED,44,711,1400,N/A,ENABLED,44,711,1400,N/A,ENABLED,44,711,1400,N/A,ENABLED,44,711,1400,N/A,ENABLED,N/A,78,80,7,818,N/A,N/A,N/A,N/A,ENABLED,2025,500,2100,DISABLED,DISABLED,2020,500,2100,DISABLED,DISABLED,2033,500,2100,DISABLED,DISABLED,2028,500,2100,DISABLED,DISABLED,2029,500,2100,DISABLED,DISABLED,2017,500,2100,DISABLED,DISABLED,2035,500,2100,DISABLED,DISABLED,2025,500,2100,DISABLED,DISABLED,1500,900,1500,N/A,DISABLED,53,914,1680,N/A,ENABLED,53,914,1680,N/A,ENABLED,53,914,1680,N/A,ENABLED,53,914,1680,N/A,ENABLED,44,711,1400,N/A,ENABLED,44,711,1400,N/A,ENABLED,44,711,1400,N/A,ENABLED,44,711,1400,N/A,ENABLED,N/A,68,68
1743961081,0,836,N/A,N/A,N/A,N/A,ENABLED,1979,500,2100,DISABLED,DISABLED,1963,500,2100,DISABLED,DISABLED,1980,500,2100,DISABLED,DISABLED,1981,500,2100,DISABLED,DISABLED,1983,500,2100,DISABLED,DISABLED,1970,500,2100,DISABLED,DISABLED,1984,500,2100,DISABLED,DISABLED,1978,500,2100,DISABLED,DISABLED,1500,900,1500,N/A,DISABLED,53,914,1680,N/A,ENABLED,53,914,1680,N/A,ENABLED,53,914,1680,N/A,ENABLED,53,914,1680,N/A,ENABLED,44,711,1400,N/A,ENABLED,44,711,1400,N/A,ENABLED,44,711,1400,N/A,ENABLED,44,711,1400,N/A,ENABLED,N/A,76,78,1,801,N/A,N/A,N/A,N/A,ENABLED,2052,500,2100,DISABLED,DISABLED,2051,500,2100,DISABLED,DISABLED,2061,500,2100,DISABLED,DISABLED,2042,500,2100,DISABLED,DISABLED,2050,500,2100,DISABLED,DISABLED,2051,500,2100,DISABLED,DISABLED,2047,500,2100,DISABLED,DISABLED,2042,500,2100,DISABLED,DISABLED,1500,900,1500,N/A,DISABLED,53,914,1680,N/A,ENABLED,53,914,1680,N/A,ENABLED,53,914,1680,N/A,ENABLED,53,914,1680,N/A,ENABLED,44,711,1400,N/A,ENABLED,44,711,1400,N/A,ENABLED,44,711,1400,N/A,ENABLED,44,711,1400,N/A,ENABLED,N/A,63,65,2,804,N/A,N/A,N/A,N/A,ENABLED,1990,500,2100,DISABLED,DISABLED,1981,500,2100,DISABLED,DISABLED,1991,500,2100,DISABLED,DISABLED,1979,500,2100,DISABLED,DISABLED,1983,500,2100,DISABLED,DISABLED,1966,500,2100,DISABLED,DISABLED,1991,500,2100,DISABLED,DISABLED,1988,500,2100,DISABLED,DISABLED,1500,900,1500,N/A,DISABLED,53,914,1680,N/A,ENABLED,53,914,1680,N/A,ENABLED,53,914,1680,N/A,ENABLED,53,914,1680,N/A,ENABLED,44,711,1400,N/A,ENABLED,44,711,1400,N/A,ENABLED,44,711,1400,N/A,ENABLED,44,711,1400,N/A,ENABLED,N/A,64,68,3,853,N/A,N/A,N/A,N/A,ENABLED,1886,500,2100,DISABLED,DISABLED,1884,500,2100,DISABLED,DISABLED,1891,500,2100,DISABLED,DISABLED,1884,500,2100,DISABLED,DISABLED,1879,500,2100,DISABLED,DISABLED,1874,500,2100,DISABLED,DISABLED,1882,500,2100,DISABLED,DISABLED,1875,500,2100,DISABLED,DISABLED,1500,900,1500,N/A,DISABLED,53,914,1680,N/A,ENABLED,53,914,1680,N/A,ENABLED,53,914,1680,N/A,ENABLED,53,914,1680,N/A,ENABLED,44,711,1400,N/A,ENABLED,44,711,1400,N/A,ENABLED,44,711,1400,N/A,ENABLED,44,711,1400,N/A,ENABLED,N/A,82,80,4,841,N/A,N/A,N/A,N/A,ENABLED,2026,500,2100,DISABLED,DISABLED,2019,500,2100,DISABLED,DISABLED,2031,500,2100,DISABLED,DISABLED,2018,500,2100,DISABLED,DISABLED,2025,500,2100,DISABLED,DISABLED,2021,500,2100,DISABLED,DISABLED,2024,500,2100,DISABLED,DISABLED,2011,500,2100,DISABLED,DISABLED,1500,900,1500,N/A,DISABLED,53,914,1680,N/A,ENABLED,53,914,1680,N/A,ENABLED,53,914,1680,N/A,ENABLED,53,914,1680,N/A,ENABLED,44,711,1400,N/A,ENABLED,44,711,1400,N/A,ENABLED,44,711,1400,N/A,ENABLED,44,711,1400,N/A,ENABLED,N/A,77,78,5,818,N/A,N/A,N/A,N/A,ENABLED,2047,500,2100,DISABLED,DISABLED,2044,500,2100,DISABLED,DISABLED,2046,500,2100,DISABLED,DISABLED,2042,500,2100,DISABLED,DISABLED,2055,500,2100,DISABLED,DISABLED,2040,500,2100,DISABLED,DISABLED,2055,500,2100,DISABLED,DISABLED,2042,500,2100,DISABLED,DISABLED,1500,900,1500,N/A,DISABLED,53,914,1680,N/A,ENABLED,53,914,1680,N/A,ENABLED,53,914,1680,N/A,ENABLED,53,914,1680,N/A,ENABLED,44,711,1400,N/A,ENABLED,44,711,1400,N/A,ENABLED,44,711,1400,N/A,ENABLED,44,711,1400,N/A,ENABLED,N/A,64,66,6,861,N/A,N/A,N/A,N/A,ENABLED,1922,500,2100,DISABLED,DISABLED,1917,500,2100,DISABLED,DISABLED,1938,500,2100,DISABLED,DISABLED,1926,500,2100,DISABLED,DISABLED,1932,500,2100,DISABLED,DISABLED,1914,500,2100,DISABLED,DISABLED,1930,500,2100,DISABLED,DISABLED,1925,500,2100,DISABLED,DISABLED,1500,900,1500,N/A,DISABLED,53,914,1680,N/A,ENABLED,53,914,1680,N/A,ENABLED,53,914,1680,N/A,ENABLED,53,914,1680,N/A,ENABLED,44,711,1400,N/A,ENABLED,44,711,1400,N/A,ENABLED,44,711,1400,N/A,ENABLED,44,711,1400,N/A,ENABLED,N/A,78,80,7,819,N/A,N/A,N/A,N/A,ENABLED,2020,500,2100,DISABLED,DISABLED,2015,500,2100,DISABLED,DISABLED,2029,500,2100,DISABLED,DISABLED,2024,500,2100,DISABLED,DISABLED,2024,500,2100,DISABLED,DISABLED,2012,500,2100,DISABLED,DISABLED,2029,500,2100,DISABLED,DISABLED,2019,500,2100,DISABLED,DISABLED,1500,900,1500,N/A,DISABLED,53,914,1680,N/A,ENABLED,53,914,1680,N/A,ENABLED,53,914,1680,N/A,ENABLED,53,914,1680,N/A,ENABLED,44,711,1400,N/A,ENABLED,44,711,1400,N/A,ENABLED,44,711,1400,N/A,ENABLED,44,711,1400,N/A,ENABLED,N/A,68,68
1743961083,0,848,N/A,N/A,N/A,N/A,ENABLED,1973,500,2100,DISABLED,DISABLED,1957,500,2100,DISABLED,DISABLED,1974,500,2100,DISABLED,DISABLED,1975,500,2100,DISABLED,DISABLED,1977,500,2100,DISABLED,DISABLED,1964,500,2100,DISABLED,DISABLED,1978,500,2100,DISABLED,DISABLED,1971,500,2100,DISABLED,DISABLED,1500,900,1500,N/A,DISABLED,53,914,1680,N/A,ENABLED,53,914,1680,N/A,ENABLED,53,914,1680,N/A,ENABLED,53,914,1680,N/A,ENABLED,44,711,1400,N/A,ENABLED,44,711,1400,N/A,ENABLED,44,711,1400,N/A,ENABLED,44,711,1400,N/A,ENABLED,N/A,76,78,1,800,N/A,N/A,N/A,N/A,ENABLED,2049,500,2100,DISABLED,DISABLED,2049,500,2100,DISABLED,DISABLED,2059,500,2100,DISABLED,DISABLED,2040,500,2100,DISABLED,DISABLED,2049,500,2100,DISABLED,DISABLED,2049,500,2100,DISABLED,DISABLED,2044,500,2100,DISABLED,DISABLED,2040,500,2100,DISABLED,DISABLED,1500,900,1500,N/A,DISABLED,53,914,1680,N/A,ENABLED,53,914,1680,N/A,ENABLED,53,914,1680,N/A,ENABLED,53,914,1680,N/A,ENABLED,44,711,1400,N/A,ENABLED,44,711,1400,N/A,ENABLED,44,711,1400,N/A,ENABLED,44,711,1400,N/A,ENABLED,N/A,63,66,2,807,N/A,N/A,N/A,N/A,ENABLED,1990,500,2100,DISABLED,DISABLED,1981,500,2100,DISABLED,DISABLED,1992,500,2100,DISABLED,DISABLED,1979,500,2100,DISABLED,DISABLED,1984,500,2100,DISABLED,DISABLED,1967,500,2100,DISABLED,DISABLED,1992,500,2100,DISABLED,DISABLED,1987,500,2100,DISABLED,DISABLED,1500,900,1500,N/A,DISABLED,53,914,1680,N/A,ENABLED,53,914,1680,N/A,ENABLED,53,914,1680,N/A,ENABLED,53,914,1680,N/A,ENABLED,44,711,1400,N/A,ENABLED,44,711,1400,N/A,ENABLED,44,711,1400,N/A,ENABLED,44,711,1400,N/A,ENABLED,N/A,64,68,3,857,N/A,N/A,N/A,N/A,ENABLED,1884,500,2100,DISABLED,DISABLED,1882,500,2100,DISABLED,DISABLED,1888,500,2100,DISABLED,DISABLED,1881,500,2100,DISABLED,DISABLED,1876,500,2100,DISABLED,DISABLED,1871,500,2100,DISABLED,DISABLED,1880,500,2100,DISABLED,DISABLED,1874,500,2100,DISABLED,DISABLED,1500,900,1500,N/A,DISABLED,53,914,1680,N/A,ENABLED,53,914,1680,N/A,ENABLED,53,914,1680,N/A,ENABLED,53,914,1680,N/A,ENABLED,44,711,1400,N/A,ENABLED,44,711,1400,N/A,ENABLED,44,711,1400,N/A,ENABLED,44,711,1400,N/A,ENABLED,N/A,82,80,4,846,N/A,N/A,N/A,N/A,ENABLED,2021,500,2100,DISABLED,DISABLED,2015,500,2100,DISABLED,DISABLED,2026,500,2100,DISABLED,DISABLED,2013,500,2100,DISABLED,DISABLED,2021,500,2100,DISABLED,DISABLED,2017,500,2100,DISABLED,DISABLED,2020,500,2100,DISABLED,DISABLED,2007,500,2100,DISABLED,DISABLED,1500,900,1500,N/A,DISABLED,53,914,1680,N/A,ENABLED,53,914,1680,N/A,ENABLED,53,914,1680,N/A,ENABLED,53,914,1680,N/A,ENABLED,44,711,1400,N/A,ENABLED,44,711,1400,N/A,ENABLED,44,711,1400,N/A,ENABLED,44,711,1400,N/A,ENABLED,N/A,77,79,5,820,N/A,N/A,N/A,N/A,ENABLED,2044,500,2100,DISABLED,DISABLED,2041,500,2100,DISABLED,DISABLED,2044,500,2100,DISABLED,DISABLED,2040,500,2100,DISABLED,DISABLED,2054,500,2100,DISABLED,DISABLED,2037,500,2100,DISABLED,DISABLED,2053,500,2100,DISABLED,DISABLED,2040,500,2100,DISABLED,DISABLED,1500,900,1500,N/A,DISABLED,53,914,1680,N/A,ENABLED,53,914,1680,N/A,ENABLED,53,914,1680,N/A,ENABLED,53,914,1680,N/A,ENABLED,44,711,1400,N/A,ENABLED,44,711,1400,N/A,ENABLED,44,711,1400,N/A,ENABLED,44,711,1400,N/A,ENABLED,N/A,64,66,6,862,N/A,N/A,N/A,N/A,ENABLED,1912,500,2100,DISABLED,DISABLED,1907,500,2100,DISABLED,DISABLED,1928,500,2100,DISABLED,DISABLED,1916,500,2100,DISABLED,DISABLED,1920,500,2100,DISABLED,DISABLED,1904,500,2100,DISABLED,DISABLED,1919,500,2100,DISABLED,DISABLED,1915,500,2100,DISABLED,DISABLED,1500,900,1500,N/A,DISABLED,53,914,1680,N/A,ENABLED,53,914,1680,N/A,ENABLED,53,914,1680,N/A,ENABLED,53,914,1680,N/A,ENABLED,44,711,1400,N/A,ENABLED,44,711,1400,N/A,ENABLED,44,711,1400,N/A,ENABLED,44,711,1400,N/A,ENABLED,N/A,78,81,7,822,N/A,N/A,N/A,N/A,ENABLED,2015,500,2100,DISABLED,DISABLED,2012,500,2100,DISABLED,DISABLED,2025,500,2100,DISABLED,DISABLED,2021,500,2100,DISABLED,DISABLED,2021,500,2100,DISABLED,DISABLED,2009,500,2100,DISABLED,DISABLED,2026,500,2100,DISABLED,DISABLED,2017,500,2100,DISABLED,DISABLED,1500,900,1500,N/A,DISABLED,53,914,1680,N/A,ENABLED,53,914,1680,N/A,ENABLED,53,914,1680,N/A,ENABLED,53,914,1680,N/A,ENABLED,44,711,1400,N/A,ENABLED,44,711,1400,N/A,ENABLED,44,711,1400,N/A,ENABLED,44,711,1400,N/A,ENABLED,N/A,68,68
1743961084,0,839,N/A,N/A,N/A,N/A,ENABLED,1973,500,2100,DISABLED,DISABLED,1957,500,2100,DISABLED,DISABLED,1974,500,2100,DISABLED,DISABLED,1976,500,2100,DISABLED,DISABLED,1977,500,2100,DISABLED,DISABLED,1964,500,2100,DISABLED,DISABLED,1978,500,2100,DISABLED,DISABLED,1972,500,2100,DISABLED,DISABLED,1500,900,1500,N/A,DISABLED,53,914,1680,N/A,ENABLED,53,914,1680,N/A,ENABLED,53,914,1680,N/A,ENABLED,53,914,1680,N/A,ENABLED,44,711,1400,N/A,ENABLED,44,711,1400,N/A,ENABLED,44,711,1400,N/A,ENABLED,44,711,1400,N/A,ENABLED,N/A,76,78,1,796,N/A,N/A,N/A,N/A,ENABLED,2048,500,2100,DISABLED,DISABLED,2047,500,2100,DISABLED,DISABLED,2057,500,2100,DISABLED,DISABLED,2038,500,2100,DISABLED,DISABLED,2048,500,2100,DISABLED,DISABLED,2048,500,2100,DISABLED,DISABLED,2042,500,2100,DISABLED,DISABLED,2038,500,2100,DISABLED,DISABLED,1500,900,1500,N/A,DISABLED,53,914,1680,N/A,ENABLED,53,914,1680,N/A,ENABLED,53,914,1680,N/A,ENABLED,53,914,1680,N/A,ENABLED,44,711,1400,N/A,ENABLED,44,711,1400,N/A,ENABLED,44,711,1400,N/A,ENABLED,44,711,1400,N/A,ENABLED,N/A,63,65,2,810,N/A,N/A,N/A,N/A,ENABLED,1990,500,2100,DISABLED,DISABLED,1982,500,2100,DISABLED,DISABLED,1992,500,2100,DISABLED,DISABLED,1979,500,2100,DISABLED,DISABLED,1984,500,2100,DISABLED,DISABLED,1967,500,2100,DISABLED,DISABLED,1992,500,2100,DISABLED,DISABLED,1989,500,2100,DISABLED,DISABLED,1500,900,1500,N/A,DISABLED,53,914,1680,N/A,ENABLED,53,914,1680,N/A,ENABLED,53,914,1680,N/A,ENABLED,53,914,1680,N/A,ENABLED,44,711,1400,N/A,ENABLED,44,711,1400,N/A,ENABLED,44,711,1400,N/A,ENABLED,44,711,1400,N/A,ENABLED,N/A,64,68,3,852,N/A,N/A,N/A,N/A,ENABLED,1884,500,2100,DISABLED,DISABLED,1881,500,2100,DISABLED,DISABLED,1887,500,2100,DISABLED,DISABLED,1882,500,2100,DISABLED,DISABLED,1876,500,2100,DISABLED,DISABLED,1871,500,2100,DISABLED,DISABLED,1880,500,2100,DISABLED,DISABLED,1873,500,2100,DISABLED,DISABLED,1500,900,1500,N/A,DISABLED,53,914,1680,N/A,ENABLED,53,914,1680,N/A,ENABLED,53,914,1680,N/A,ENABLED,53,914,1680,N/A,ENABLED,44,711,1400,N/A,ENABLED,44,711,1400,N/A,ENABLED,44,711,1400,N/A,ENABLED,44,711,1400,N/A,ENABLED,N/A,83,81,4,843,N/A,N/A,N/A,N/A,ENABLED,2018,500,2100,DISABLED,DISABLED,2011,500,2100,DISABLED,DISABLED,2023,500,2100,DISABLED,DISABLED,2010,500,2100,DISABLED,DISABLED,2017,500,2100,DISABLED,DISABLED,2014,500,2100,DISABLED,DISABLED,2016,500,2100,DISABLED,DISABLED,2004,500,2100,DISABLED,DISABLED,1500,900,1500,N/A,DISABLED,53,914,1680,N/A,ENABLED,53,914,1680,N/A,ENABLED,53,914,1680,N/A,ENABLED,53,914,1680,N/A,ENABLED,44,711,1400,N/A,ENABLED,44,711,1400,N/A,ENABLED,44,711,1400,N/A,ENABLED,44,711,1400,N/A,ENABLED,N/A,77,79,5,816,N/A,N/A,N/A,N/A,ENABLED,2041,500,2100,DISABLED,DISABLED,2038,500,2100,DISABLED,DISABLED,2041,500,2100,DISABLED,DISABLED,2038,500,2100,DISABLED,DISABLED,2050,500,2100,DISABLED,DISABLED,2034,500,2100,DISABLED,DISABLED,2050,500,2100,DISABLED,DISABLED,2036,500,2100,DISABLED,DISABLED,1500,900,1500,N/A,DISABLED,53,914,1680,N/A,ENABLED,53,914,1680,N/A,ENABLED,53,914,1680,N/A,ENABLED,53,914,1680,N/A,ENABLED,44,711,1400,N/A,ENABLED,44,711,1400,N/A,ENABLED,44,711,1400,N/A,ENABLED,44,711,1400,N/A,ENABLED,N/A,64,66,6,862,N/A,N/A,N/A,N/A,ENABLED,1912,500,2100,DISABLED,DISABLED,1907,500,2100,DISABLED,DISABLED,1927,500,2100,DISABLED,DISABLED,1916,500,2100,DISABLED,DISABLED,1921,500,2100,DISABLED,DISABLED,1904,500,2100,DISABLED,DISABLED,1920,500,2100,DISABLED,DISABLED,1915,500,2100,DISABLED,DISABLED,1500,900,1500,N/A,DISABLED,53,914,1680,N/A,ENABLED,53,914,1680,N/A,ENABLED,53,914,1680,N/A,ENABLED,53,914,1680,N/A,ENABLED,44,711,1400,N/A,ENABLED,44,711,1400,N/A,ENABLED,44,711,1400,N/A,ENABLED,44,711,1400,N/A,ENABLED,N/A,78,81,7,822,N/A,N/A,N/A,N/A,ENABLED,2017,500,2100,DISABLED,DISABLED,2012,500,2100,DISABLED,DISABLED,2024,500,2100,DISABLED,DISABLED,2020,500,2100,DISABLED,DISABLED,2021,500,2100,DISABLED,DISABLED,2010,500,2100,DISABLED,DISABLED,2026,500,2100,DISABLED,DISABLED,2016,500,2100,DISABLED,DISABLED,1500,900,1500,N/A,DISABLED,53,914,1680,N/A,ENABLED,53,914,1680,N/A,ENABLED,53,914,1680,N/A,ENABLED,53,914,1680,N/A,ENABLED,44,711,1400,N/A,ENABLED,44,711,1400,N/A,ENABLED,44,711,1400,N/A,ENABLED,44,711,1400,N/A,ENABLED,N/A,68,69
1743961085,0,840,N/A,N/A,N/A,N/A,ENABLED,1972,500,2100,DISABLED,DISABLED,1956,500,2100,DISABLED,DISABLED,1973,500,2100,DISABLED,DISABLED,1975,500,2100,DISABLED,DISABLED,1976,500,2100,DISABLED,DISABLED,1963,500,2100,DISABLED,DISABLED,1977,500,2100,DISABLED,DISABLED,1971,500,2100,DISABLED,DISABLED,1500,900,1500,N/A,DISABLED,53,914,1680,N/A,ENABLED,53,914,1680,N/A,ENABLED,53,914,1680,N/A,ENABLED,53,914,1680,N/A,ENABLED,44,711,1400,N/A,ENABLED,44,711,1400,N/A,ENABLED,44,711,1400,N/A,ENABLED,44,711,1400,N/A,ENABLED,N/A,76,78,1,795,N/A,N/A,N/A,N/A,ENABLED,2047,500,2100,DISABLED,DISABLED,2046,500,2100,DISABLED,DISABLED,2056,500,2100,DISABLED,DISABLED,2038,500,2100,DISABLED,DISABLED,2046,500,2100,DISABLED,DISABLED,2046,500,2100,DISABLED,DISABLED,2041,500,2100,DISABLED,DISABLED,2037,500,2100,DISABLED,DISABLED,1500,900,1500,N/A,DISABLED,53,914,1680,N/A,ENABLED,53,914,1680,N/A,ENABLED,53,914,1680,N/A,ENABLED,53,914,1680,N/A,ENABLED,44,711,1400,N/A,ENABLED,44,711,1400,N/A,ENABLED,44,711,1400,N/A,ENABLED,44,711,1400,N/A,ENABLED,N/A,63,65,2,810,N/A,N/A,N/A,N/A,ENABLED,1982,500,2100,DISABLED,DISABLED,1974,500,2100,DISABLED,DISABLED,1984,500,2100,DISABLED,DISABLED,1972,500,2100,DISABLED,DISABLED,1977,500,2100,DISABLED,DISABLED,1960,500,2100,DISABLED,DISABLED,1985,500,2100,DISABLED,DISABLED,1981,500,2100,DISABLED,DISABLED,1500,900,1500,N/A,DISABLED,53,914,1680,N/A,ENABLED,53,914,1680,N/A,ENABLED,53,914,1680,N/A,ENABLED,53,914,1680,N/A,ENABLED,44,711,1400,N/A,ENABLED,44,711,1400,N/A,ENABLED,44,711,1400,N/A,ENABLED,44,711,1400,N/A,ENABLED,N/A,64,68,3,853,N/A,N/A,N/A,N/A,ENABLED,1876,500,2100,DISABLED,DISABLED,1874,500,2100,DISABLED,DISABLED,1880,500,2100,DISABLED,DISABLED,1874,500,2100,DISABLED,DISABLED,1869,500,2100,DISABLED,DISABLED,1864,500,2100,DISABLED,DISABLED,1872,500,2100,DISABLED,DISABLED,1865,500,2100,DISABLED,DISABLED,1500,900,1500,N/A,DISABLED,53,914,1680,N/A,ENABLED,53,914,1680,N/A,ENABLED,53,914,1680,N/A,ENABLED,53,914,1680,N/A,ENABLED,44,711,1400,N/A,ENABLED,44,711,1400,N/A,ENABLED,44,711,1400,N/A,ENABLED,44,711,1400,N/A,ENABLED,N/A,83,80,4,847,N/A,N/A,N/A,N/A,ENABLED,2015,500,2100,DISABLED,DISABLED,2009,500,2100,DISABLED,DISABLED,2020,500,2100,DISABLED,DISABLED,2008,500,2100,DISABLED,DISABLED,2015,500,2100,DISABLED,DISABLED,2011,500,2100,DISABLED,DISABLED,2014,500,2100,DISABLED,DISABLED,2001,500,2100,DISABLED,DISABLED,1500,900,1500,N/A,DISABLED,53,914,1680,N/A,ENABLED,53,914,1680,N/A,ENABLED,53,914,1680,N/A,ENABLED,53,914,1680,N/A,ENABLED,44,711,1400,N/A,ENABLED,44,711,1400,N/A,ENABLED,44,711,1400,N/A,ENABLED,44,711,1400,N/A,ENABLED,N/A,77,79,5,816,N/A,N/A,N/A,N/A,ENABLED,2039,500,2100,DISABLED,DISABLED,2036,500,2100,DISABLED,DISABLED,2039,500,2100,DISABLED,DISABLED,2035,500,2100,DISABLED,DISABLED,2048,500,2100,DISABLED,DISABLED,2031,500,2100,DISABLED,DISABLED,2047,500,2100,DISABLED,DISABLED,2034,500,2100,DISABLED,DISABLED,1500,900,1500,N/A,DISABLED,53,914,1680,N/A,ENABLED,53,914,1680,N/A,ENABLED,53,914,1680,N/A,ENABLED,53,914,1680,N/A,ENABLED,44,711,1400,N/A,ENABLED,44,711,1400,N/A,ENABLED,44,711,1400,N/A,ENABLED,44,711,1400,N/A,ENABLED,N/A,64,66,6,869,N/A,N/A,N/A,N/A,ENABLED,1908,500,2100,DISABLED,DISABLED,1903,500,2100,DISABLED,DISABLED,1924,500,2100,DISABLED,DISABLED,1911,500,2100,DISABLED,DISABLED,1916,500,2100,DISABLED,DISABLED,1899,500,2100,DISABLED,DISABLED,1915,500,2100,DISABLED,DISABLED,1910,500,2100,DISABLED,DISABLED,1500,900,1500,N/A,DISABLED,53,914,1680,N/A,ENABLED,53,914,1680,N/A,ENABLED,53,914,1680,N/A,ENABLED,53,914,1680,N/A,ENABLED,44,711,1400,N/A,ENABLED,44,711,1400,N/A,ENABLED,44,711,1400,N/A,ENABLED,44,711,1400,N/A,ENABLED,N/A,79,82,7,814,N/A,N/A,N/A,N/A,ENABLED,2010,500,2100,DISABLED,DISABLED,2006,500,2100,DISABLED,DISABLED,2019,500,2100,DISABLED,DISABLED,2015,500,2100,DISABLED,DISABLED,2015,500,2100,DISABLED,DISABLED,2004,500,2100,DISABLED,DISABLED,2021,500,2100,DISABLED,DISABLED,2012,500,2100,DISABLED,DISABLED,1500,900,1500,N/A,DISABLED,53,914,1680,N/A,ENABLED,53,914,1680,N/A,ENABLED,53,914,1680,N/A,ENABLED,53,914,1680,N/A,ENABLED,44,711,1400,N/A,ENABLED,44,711,1400,N/A,ENABLED,44,711,1400,N/A,ENABLED,44,711,1400,N/A,ENABLED,N/A,68,68
1743961087,0,846,N/A,N/A,N/A,N/A,ENABLED,1970,500,2100,DISABLED,DISABLED,1955,500,2100,DISABLED,DISABLED,1971,500,2100,DISABLED,DISABLED,1973,500,2100,DISABLED,DISABLED,1974,500,2100,DISABLED,DISABLED,1962,500,2100,DISABLED,DISABLED,1976,500,2100,DISABLED,DISABLED,1969,500,2100,DISABLED,DISABLED,1500,900,1500,N/A,DISABLED,53,914,1680,N/A,ENABLED,53,914,1680,N/A,ENABLED,53,914,1680,N/A,ENABLED,53,914,1680,N/A,ENABLED,44,711,1400,N/A,ENABLED,44,711,1400,N/A,ENABLED,44,711,1400,N/A,ENABLED,44,711,1400,N/A,ENABLED,N/A,76,79,1,801,N/A,N/A,N/A,N/A,ENABLED,2041,500,2100,DISABLED,DISABLED,2041,500,2100,DISABLED,DISABLED,2050,500,2100,DISABLED,DISABLED,2033,500,2100,DISABLED,DISABLED,2042,500,2100,DISABLED,DISABLED,2041,500,2100,DISABLED,DISABLED,2036,500,2100,DISABLED,DISABLED,2032,500,2100,DISABLED,DISABLED,1500,900,1500,N/A,DISABLED,53,914,1680,N/A,ENABLED,53,914,1680,N/A,ENABLED,53,914,1680,N/A,ENABLED,53,914,1680,N/A,ENABLED,44,711,1400,N/A,ENABLED,44,711,1400,N/A,ENABLED,44,711,1400,N/A,ENABLED,44,711,1400,N/A,ENABLED,N/A,63,65,2,810,N/A,N/A,N/A,N/A,ENABLED,1995,500,2100,DISABLED,DISABLED,1987,500,2100,DISABLED,DISABLED,1996,500,2100,DISABLED,DISABLED,1984,500,2100,DISABLED,DISABLED,1989,500,2100,DISABLED,DISABLED,1971,500,2100,DISABLED,DISABLED,1999,500,2100,DISABLED,DISABLED,1993,500,2100,DISABLED,DISABLED,1500,900,1500,N/A,DISABLED,53,914,1680,N/A,ENABLED,53,914,1680,N/A,ENABLED,53,914,1680,N/A,ENABLED,53,914,1680,N/A,ENABLED,44,711,1400,N/A,ENABLED,44,711,1400,N/A,ENABLED,44,711,1400,N/A,ENABLED,44,711,1400,N/A,ENABLED,N/A,64,68,3,856,N/A,N/A,N/A,N/A,ENABLED,1880,500,2100,DISABLED,DISABLED,1876,500,2100,DISABLED,DISABLED,1882,500,2100,DISABLED,DISABLED,1876,500,2100,DISABLED,DISABLED,1872,500,2100,DISABLED,DISABLED,1868,500,2100,DISABLED,DISABLED,1875,500,2100,DISABLED,DISABLED,1868,500,2100,DISABLED,DISABLED,1500,900,1500,N/A,DISABLED,53,914,1680,N/A,ENABLED,53,914,1680,N/A,ENABLED,53,914,1680,N/A,ENABLED,53,914,1680,N/A,ENABLED,44,711,1400,N/A,ENABLED,44,711,1400,N/A,ENABLED,44,711,1400,N/A,ENABLED,44,711,1400,N/A,ENABLED,N/A,83,80,4,845,N/A,N/A,N/A,N/A,ENABLED,1994,500,2100,DISABLED,DISABLED,1989,500,2100,DISABLED,DISABLED,1999,500,2100,DISABLED,DISABLED,1986,500,2100,DISABLED,DISABLED,1993,500,2100,DISABLED,DISABLED,1990,500,2100,DISABLED,DISABLED,1993,500,2100,DISABLED,DISABLED,1980,500,2100,DISABLED,DISABLED,1500,900,1500,N/A,DISABLED,53,914,1680,N/A,ENABLED,53,914,1680,N/A,ENABLED,53,914,1680,N/A,ENABLED,53,914,1680,N/A,ENABLED,44,711,1400,N/A,ENABLED,44,711,1400,N/A,ENABLED,44,711,1400,N/A,ENABLED,44,711,1400,N/A,ENABLED,N/A,77,79,5,823,N/A,N/A,N/A,N/A,ENABLED,2032,500,2100,DISABLED,DISABLED,2029,500,2100,DISABLED,DISABLED,2032,500,2100,DISABLED,DISABLED,2028,500,2100,DISABLED,DISABLED,2041,500,2100,DISABLED,DISABLED,2026,500,2100,DISABLED,DISABLED,2041,500,2100,DISABLED,DISABLED,2028,500,2100,DISABLED,DISABLED,1500,900,1500,N/A,DISABLED,52,914,1680,N/A,ENABLED,52,914,1680,N/A,ENABLED,52,914,1680,N/A,ENABLED,52,914,1680,N/A,ENABLED,44,711,1400,N/A,ENABLED,44,711,1400,N/A,ENABLED,44,711,1400,N/A,ENABLED,44,711,1400,N/A,ENABLED,N/A,64,66,6,863,N/A,N/A,N/A,N/A,ENABLED,1887,500,2100,DISABLED,DISABLED,1883,500,2100,DISABLED,DISABLED,1904,500,2100,DISABLED,DISABLED,1892,500,2100,DISABLED,DISABLED,1896,500,2100,DISABLED,DISABLED,1878,500,2100,DISABLED,DISABLED,1895,500,2100,DISABLED,DISABLED,1890,500,2100,DISABLED,DISABLED,1500,900,1500,N/A,DISABLED,53,914,1680,N/A,ENABLED,53,914,1680,N/A,ENABLED,53,914,1680,N/A,ENABLED,53,914,1680,N/A,ENABLED,44,711,1400,N/A,ENABLED,44,711,1400,N/A,ENABLED,44,711,1400,N/A,ENABLED,44,711,1400,N/A,ENABLED,N/A,79,81,7,820,N/A,N/A,N/A,N/A,ENABLED,2010,500,2100,DISABLED,DISABLED,2005,500,2100,DISABLED,DISABLED,2018,500,2100,DISABLED,DISABLED,2014,500,2100,DISABLED,DISABLED,2015,500,2100,DISABLED,DISABLED,2003,500,2100,DISABLED,DISABLED,2019,500,2100,DISABLED,DISABLED,2010,500,2100,DISABLED,DISABLED,1500,900,1500,N/A,DISABLED,53,914,1680,N/A,ENABLED,53,914,1680,N/A,ENABLED,53,914,1680,N/A,ENABLED,53,914,1680,N/A,ENABLED,44,711,1400,N/A,ENABLED,44,711,1400,N/A,ENABLED,44,711,1400,N/A,ENABLED,44,711,1400,N/A,ENABLED,N/A,68,68
1743961088,0,846,N/A,N/A,N/A,N/A,ENABLED,1967,500,2100,DISABLED,DISABLED,1952,500,2100,DISABLED,DISABLED,1968,500,2100,DISABLED,DISABLED,1969,500,2100,DISABLED,DISABLED,1971,500,2100,DISABLED,DISABLED,1958,500,2100,DISABLED,DISABLED,1972,500,2100,DISABLED,DISABLED,1966,500,2100,DISABLED,DISABLED,1500,900,1500,N/A,DISABLED,53,914,1680,N/A,ENABLED,53,914,1680,N/A,ENABLED,53,914,1680,N/A,ENABLED,53,914,1680,N/A,ENABLED,44,711,1400,N/A,ENABLED,44,711,1400,N/A,ENABLED,44,711,1400,N/A,ENABLED,44,711,1400,N/A,ENABLED,N/A,76,79,1,795,N/A,N/A,N/A,N/A,ENABLED,2044,500,2100,DISABLED,DISABLED,2043,500,2100,DISABLED,DISABLED,2052,500,2100,DISABLED,DISABLED,2033,500,2100,DISABLED,DISABLED,2042,500,2100,DISABLED,DISABLED,2042,500,2100,DISABLED,DISABLED,2037,500,2100,DISABLED,DISABLED,2034,500,2100,DISABLED,DISABLED,1500,900,1500,N/A,DISABLED,53,914,1680,N/A,ENABLED,53,914,1680,N/A,ENABLED,53,914,1680,N/A,ENABLED,53,914,1680,N/A,ENABLED,44,711,1400,N/A,ENABLED,44,711,1400,N/A,ENABLED,44,711,1400,N/A,ENABLED,44,711,1400,N/A,ENABLED,N/A,63,65,2,807,N/A,N/A,N/A,N/A,ENABLED,1996,500,2100,DISABLED,DISABLED,1987,500,2100,DISABLED,DISABLED,1997,500,2100,DISABLED,DISABLED,1984,500,2100,DISABLED,DISABLED,1989,500,2100,DISABLED,DISABLED,1972,500,2100,DISABLED,DISABLED,1998,500,2100,DISABLED,DISABLED,1993,500,2100,DISABLED,DISABLED,1500,900,1500,N/A,DISABLED,53,914,1680,N/A,ENABLED,53,914,1680,N/A,ENABLED,53,914,1680,N/A,ENABLED,53,914,1680,N/A,ENABLED,44,711,1400,N/A,ENABLED,44,711,1400,N/A,ENABLED,44,711,1400,N/A,ENABLED,44,711,1400,N/A,ENABLED,N/A,64,68,3,863,N/A,N/A,N/A,N/A,ENABLED,1884,500,2100,DISABLED,DISABLED,1881,500,2100,DISABLED,DISABLED,1886,500,2100,DISABLED,DISABLED,1882,500,2100,DISABLED,DISABLED,1876,500,2100,DISABLED,DISABLED,1872,500,2100,DISABLED,DISABLED,1880,500,2100,DISABLED,DISABLED,1873,500,2100,DISABLED,DISABLED,1500,900,1500,N/A,DISABLED,53,914,1680,N/A,ENABLED,53,914,1680,N/A,ENABLED,53,914,1680,N/A,ENABLED,53,914,1680,N/A,ENABLED,44,711,1400,N/A,ENABLED,44,711,1400,N/A,ENABLED,44,711,1400,N/A,ENABLED,44,711,1400,N/A,ENABLED,N/A,83,80,4,847,N/A,N/A,N/A,N/A,ENABLED,1994,500,2100,DISABLED,DISABLED,1989,500,2100,DISABLED,DISABLED,1999,500,2100,DISABLED,DISABLED,1987,500,2100,DISABLED,DISABLED,1994,500,2100,DISABLED,DISABLED,1990,500,2100,DISABLED,DISABLED,1993,500,2100,DISABLED,DISABLED,1980,500,2100,DISABLED,DISABLED,1500,900,1500,N/A,DISABLED,53,914,1680,N/A,ENABLED,53,914,1680,N/A,ENABLED,53,914,1680,N/A,ENABLED,53,914,1680,N/A,ENABLED,44,711,1400,N/A,ENABLED,44,711,1400,N/A,ENABLED,44,711,1400,N/A,ENABLED,44,711,1400,N/A,ENABLED,N/A,78,79,5,817,N/A,N/A,N/A,N/A,ENABLED,2032,500,2100,DISABLED,DISABLED,2030,500,2100,DISABLED,DISABLED,2032,500,2100,DISABLED,DISABLED,2029,500,2100,DISABLED,DISABLED,2042,500,2100,DISABLED,DISABLED,2026,500,2100,DISABLED,DISABLED,2042,500,2100,DISABLED,DISABLED,2028,500,2100,DISABLED,DISABLED,1500,900,1500,N/A,DISABLED,53,914,1680,N/A,ENABLED,53,914,1680,N/A,ENABLED,53,914,1680,N/A,ENABLED,53,914,1680,N/A,ENABLED,44,711,1400,N/A,ENABLED,44,711,1400,N/A,ENABLED,44,711,1400,N/A,ENABLED,44,711,1400,N/A,ENABLED,N/A,63,66,6,861,N/A,N/A,N/A,N/A,ENABLED,1882,500,2100,DISABLED,DISABLED,1879,500,2100,DISABLED,DISABLED,1900,500,2100,DISABLED,DISABLED,1888,500,2100,DISABLED,DISABLED,1892,500,2100,DISABLED,DISABLED,1875,500,2100,DISABLED,DISABLED,1891,500,2100,DISABLED,DISABLED,1886,500,2100,DISABLED,DISABLED,1500,900,1500,N/A,DISABLED,53,914,1680,N/A,ENABLED,53,914,1680,N/A,ENABLED,53,914,1680,N/A,ENABLED,53,914,1680,N/A,ENABLED,44,711,1400,N/A,ENABLED,44,711,1400,N/A,ENABLED,44,711,1400,N/A,ENABLED,44,711,1400,N/A,ENABLED,N/A,79,82,7,822,N/A,N/A,N/A,N/A,ENABLED,2011,500,2100,DISABLED,DISABLED,2007,500,2100,DISABLED,DISABLED,2020,500,2100,DISABLED,DISABLED,2015,500,2100,DISABLED,DISABLED,2016,500,2100,DISABLED,DISABLED,2004,500,2100,DISABLED,DISABLED,2022,500,2100,DISABLED,DISABLED,2012,500,2100,DISABLED,DISABLED,1500,900,1500,N/A,DISABLED,53,914,1680,N/A,ENABLED,53,914,1680,N/A,ENABLED,53,914,1680,N/A,ENABLED,53,914,1680,N/A,ENABLED,44,711,1400,N/A,ENABLED,44,711,1400,N/A,ENABLED,44,711,1400,N/A,ENABLED,44,711,1400,N/A,ENABLED,N/A,68,68
1743961089,0,846,N/A,N/A,N/A,N/A,ENABLED,1964,500,2100,DISABLED,DISABLED,1948,500,2100,DISABLED,DISABLED,1965,500,2100,DISABLED,DISABLED,1966,500,2100,DISABLED,DISABLED,1968,500,2100,DISABLED,DISABLED,1955,500,2100,DISABLED,DISABLED,1969,500,2100,DISABLED,DISABLED,1962,500,2100,DISABLED,DISABLED,1500,900,1500,N/A,DISABLED,53,914,1680,N/A,ENABLED,53,914,1680,N/A,ENABLED,53,914,1680,N/A,ENABLED,53,914,1680,N/A,ENABLED,44,711,1400,N/A,ENABLED,44,711,1400,N/A,ENABLED,44,711,1400,N/A,ENABLED,44,711,1400,N/A,ENABLED,N/A,77,79,1,801,N/A,N/A,N/A,N/A,ENABLED,2040,500,2100,DISABLED,DISABLED,2039,500,2100,DISABLED,DISABLED,2048,500,2100,DISABLED,DISABLED,2030,500,2100,DISABLED,DISABLED,2039,500,2100,DISABLED,DISABLED,2039,500,2100,DISABLED,DISABLED,2033,500,2100,DISABLED,DISABLED,2030,500,2100,DISABLED,DISABLED,1500,900,1500,N/A,DISABLED,53,914,1680,N/A,ENABLED,53,914,1680,N/A,ENABLED,53,914,1680,N/A,ENABLED,53,914,1680,N/A,ENABLED,44,711,1400,N/A,ENABLED,44,711,1400,N/A,ENABLED,44,711,1400,N/A,ENABLED,44,711,1400,N/A,ENABLED,N/A,63,65,2,812,N/A,N/A,N/A,N/A,ENABLED,1990,500,2100,DISABLED,DISABLED,1981,500,2100,DISABLED,DISABLED,1992,500,2100,DISABLED,DISABLED,1979,500,2100,DISABLED,DISABLED,1983,500,2100,DISABLED,DISABLED,1967,500,2100,DISABLED,DISABLED,1993,500,2100,DISABLED,DISABLED,1988,500,2100,DISABLED,DISABLED,1500,900,1500,N/A,DISABLED,53,914,1680,N/A,ENABLED,53,914,1680,N/A,ENABLED,53,914,1680,N/A,ENABLED,53,914,1680,N/A,ENABLED,44,711,1400,N/A,ENABLED,44,711,1400,N/A,ENABLED,44,711,1400,N/A,ENABLED,44,711,1400,N/A,ENABLED,N/A,64,68,3,861,N/A,N/A,N/A,N/A,ENABLED,1874,500,2100,DISABLED,DISABLED,1870,500,2100,DISABLED,DISABLED,1876,500,2100,DISABLED,DISABLED,1871,500,2100,DISABLED,DISABLED,1865,500,2100,DISABLED,DISABLED,1861,500,2100,DISABLED,DISABLED,1868,500,2100,DISABLED,DISABLED,1862,500,2100,DISABLED,DISABLED,1500,900,1500,N/A,DISABLED,53,914,1680,N/A,ENABLED,53,914,1680,N/A,ENABLED,53,914,1680,N/A,ENABLED,53,914,1680,N/A,ENABLED,44,711,1400,N/A,ENABLED,44,711,1400,N/A,ENABLED,44,711,1400,N/A,ENABLED,44,711,1400,N/A,ENABLED,N/A,83,80,4,851,N/A,N/A,N/A,N/A,ENABLED,1991,500,2100,DISABLED,DISABLED,1986,500,2100,DISABLED,DISABLED,1997,500,2100,DISABLED,DISABLED,1984,500,2100,DISABLED,DISABLED,1990,500,2100,DISABLED,DISABLED,1988,500,2100,DISABLED,DISABLED,1990,500,2100,DISABLED,DISABLED,1978,500,2100,DISABLED,DISABLED,1500,900,1500,N/A,DISABLED,53,914,1680,N/A,ENABLED,53,914,1680,N/A,ENABLED,53,914,1680,N/A,ENABLED,53,914,1680,N/A,ENABLED,44,711,1400,N/A,ENABLED,44,711,1400,N/A,ENABLED,44,711,1400,N/A,ENABLED,44,711,1400,N/A,ENABLED,N/A,78,79,5,819,N/A,N/A,N/A,N/A,ENABLED,2028,500,2100,DISABLED,DISABLED,2026,500,2100,DISABLED,DISABLED,2028,500,2100,DISABLED,DISABLED,2025,500,2100,DISABLED,DISABLED,2037,500,2100,DISABLED,DISABLED,2022,500,2100,DISABLED,DISABLED,2038,500,2100,DISABLED,DISABLED,2024,500,2100,DISABLED,DISABLED,1500,900,1500,N/A,DISABLED,53,914,1680,N/A,ENABLED,53,914,1680,N/A,ENABLED,53,914,1680,N/A,ENABLED,53,914,1680,N/A,ENABLED,44,711,1400,N/A,ENABLED,44,711,1400,N/A,ENABLED,44,711,1400,N/A,ENABLED,44,711,1400,N/A,ENABLED,N/A,63,66,6,864,N/A,N/A,N/A,N/A,ENABLED,1882,500,2100,DISABLED,DISABLED,1879,500,2100,DISABLED,DISABLED,1899,500,2100,DISABLED,DISABLED,1888,500,2100,DISABLED,DISABLED,1891,500,2100,DISABLED,DISABLED,1874,500,2100,DISABLED,DISABLED,1890,500,2100,DISABLED,DISABLED,1885,500,2100,DISABLED,DISABLED,1500,900,1500,N/A,DISABLED,53,914,1680,N/A,ENABLED,53,914,1680,N/A,ENABLED,53,914,1680,N/A,ENABLED,53,914,1680,N/A,ENABLED,44,711,1400,N/A,ENABLED,44,711,1400,N/A,ENABLED,44,711,1400,N/A,ENABLED,44,711,1400,N/A,ENABLED,N/A,79,81,7,822,N/A,N/A,N/A,N/A,ENABLED,2008,500,2100,DISABLED,DISABLED,2003,500,2100,DISABLED,DISABLED,2016,500,2100,DISABLED,DISABLED,2011,500,2100,DISABLED,DISABLED,2013,500,2100,DISABLED,DISABLED,2001,500,2100,DISABLED,DISABLED,2018,500,2100,DISABLED,DISABLED,2008,500,2100,DISABLED,DISABLED,1500,900,1500,N/A,DISABLED,53,914,1680,N/A,ENABLED,53,914,1680,N/A,ENABLED,53,914,1680,N/A,ENABLED,53,914,1680,N/A,ENABLED,44,711,1400,N/A,ENABLED,44,711,1400,N/A,ENABLED,44,711,1400,N/A,ENABLED,44,711,1400,N/A,ENABLED,N/A,68,68
1743961090,0,843,N/A,N/A,N/A,N/A,ENABLED,1962,500,2100,DISABLED,DISABLED,1947,500,2100,DISABLED,DISABLED,1964,500,2100,DISABLED,DISABLED,1963,500,2100,DISABLED,DISABLED,1966,500,2100,DISABLED,DISABLED,1953,500,2100,DISABLED,DISABLED,1967,500,2100,DISABLED,DISABLED,1960,500,2100,DISABLED,DISABLED,1500,900,1500,N/A,DISABLED,53,914,1680,N/A,ENABLED,53,914,1680,N/A,ENABLED,53,914,1680,N/A,ENABLED,53,914,1680,N/A,ENABLED,44,711,1400,N/A,ENABLED,44,711,1400,N/A,ENABLED,44,711,1400,N/A,ENABLED,44,711,1400,N/A,ENABLED,N/A,77,78,1,801,N/A,N/A,N/A,N/A,ENABLED,2041,500,2100,DISABLED,DISABLED,2039,500,2100,DISABLED,DISABLED,2048,500,2100,DISABLED,DISABLED,2030,500,2100,DISABLED,DISABLED,2040,500,2100,DISABLED,DISABLED,2039,500,2100,DISABLED,DISABLED,2034,500,2100,DISABLED,DISABLED,2031,500,2100,DISABLED,DISABLED,1500,900,1500,N/A,DISABLED,53,914,1680,N/A,ENABLED,53,914,1680,N/A,ENABLED,53,914,1680,N/A,ENABLED,53,914,1680,N/A,ENABLED,44,711,1400,N/A,ENABLED,44,711,1400,N/A,ENABLED,44,711,1400,N/A,ENABLED,44,711,1400,N/A,ENABLED,N/A,63,65,2,808,N/A,N/A,N/A,N/A,ENABLED,1993,500,2100,DISABLED,DISABLED,1983,500,2100,DISABLED,DISABLED,1994,500,2100,DISABLED,DISABLED,1981,500,2100,DISABLED,DISABLED,1986,500,2100,DISABLED,DISABLED,1969,500,2100,DISABLED,DISABLED,1995,500,2100,DISABLED,DISABLED,1990,500,2100,DISABLED,DISABLED,1500,900,1500,N/A,DISABLED,53,914,1680,N/A,ENABLED,53,914,1680,N/A,ENABLED,53,914,1680,N/A,ENABLED,53,914,1680,N/A,ENABLED,44,711,1400,N/A,ENABLED,44,711,1400,N/A,ENABLED,44,711,1400,N/A,ENABLED,44,711,1400,N/A,ENABLED,N/A,64,68,3,860,N/A,N/A,N/A,N/A,ENABLED,1876,500,2100,DISABLED,DISABLED,1872,500,2100,DISABLED,DISABLED,1878,500,2100,DISABLED,DISABLED,1873,500,2100,DISABLED,DISABLED,1868,500,2100,DISABLED,DISABLED,1864,500,2100,DISABLED,DISABLED,1871,500,2100,DISABLED,DISABLED,1865,500,2100,DISABLED,DISABLED,1500,900,1500,N/A,DISABLED,53,914,1680,N/A,ENABLED,53,914,1680,N/A,ENABLED,53,914,1680,N/A,ENABLED,53,914,1680,N/A,ENABLED,44,711,1400,N/A,ENABLED,44,711,1400,N/A,ENABLED,44,711,1400,N/A,ENABLED,44,711,1400,N/A,ENABLED,N/A,83,81,4,846,N/A,N/A,N/A,N/A,ENABLED,1991,500,2100,DISABLED,DISABLED,1985,500,2100,DISABLED,DISABLED,1996,500,2100,DISABLED,DISABLED,1983,500,2100,DISABLED,DISABLED,1990,500,2100,DISABLED,DISABLED,1987,500,2100,DISABLED,DISABLED,1990,500,2100,DISABLED,DISABLED,1977,500,2100,DISABLED,DISABLED,1500,900,1500,N/A,DISABLED,53,914,1680,N/A,ENABLED,53,914,1680,N/A,ENABLED,53,914,1680,N/A,ENABLED,53,914,1680,N/A,ENABLED,44,711,1400,N/A,ENABLED,44,711,1400,N/A,ENABLED,44,711,1400,N/A,ENABLED,44,711,1400,N/A,ENABLED,N/A,78,80,5,817,N/A,N/A,N/A,N/A,ENABLED,2028,500,2100,DISABLED,DISABLED,2026,500,2100,DISABLED,DISABLED,2028,500,2100,DISABLED,DISABLED,2025,500,2100,DISABLED,DISABLED,2038,500,2100,DISABLED,DISABLED,2021,500,2100,DISABLED,DISABLED,2037,500,2100,DISABLED,DISABLED,2024,500,2100,DISABLED,DISABLED,1500,900,1500,N/A,DISABLED,53,914,1680,N/A,ENABLED,53,914,1680,N/A,ENABLED,53,914,1680,N/A,ENABLED,53,914,1680,N/A,ENABLED,44,711,1400,N/A,ENABLED,44,711,1400,N/A,ENABLED,44,711,1400,N/A,ENABLED,44,711,1400,N/A,ENABLED,N/A,63,66,6,862,N/A,N/A,N/A,N/A,ENABLED,1877,500,2100,DISABLED,DISABLED,1873,500,2100,DISABLED,DISABLED,1895,500,2100,DISABLED,DISABLED,1882,500,2100,DISABLED,DISABLED,1886,500,2100,DISABLED,DISABLED,1870,500,2100,DISABLED,DISABLED,1885,500,2100,DISABLED,DISABLED,1880,500,2100,DISABLED,DISABLED,1500,900,1500,N/A,DISABLED,53,914,1680,N/A,ENABLED,53,914,1680,N/A,ENABLED,53,914,1680,N/A,ENABLED,53,914,1680,N/A,ENABLED,44,711,1400,N/A,ENABLED,44,711,1400,N/A,ENABLED,44,711,1400,N/A,ENABLED,44,711,1400,N/A,ENABLED,N/A,79,82,7,823,N/A,N/A,N/A,N/A,ENABLED,2005,500,2100,DISABLED,DISABLED,1999,500,2100,DISABLED,DISABLED,2013,500,2100,DISABLED,DISABLED,2009,500,2100,DISABLED,DISABLED,2009,500,2100,DISABLED,DISABLED,1998,500,2100,DISABLED,DISABLED,2015,500,2100,DISABLED,DISABLED,2004,500,2100,DISABLED,DISABLED,1500,900,1500,N/A,DISABLED,53,914,1680,N/A,ENABLED,53,914,1680,N/A,ENABLED,53,914,1680,N/A,ENABLED,53,914,1680,N/A,ENABLED,44,711,1400,N/A,ENABLED,44,711,1400,N/A,ENABLED,44,711,1400,N/A,ENABLED,44,711,1400,N/A,ENABLED,N/A,68,68
1743961092,0,840,N/A,N/A,N/A,N/A,ENABLED,1968,500,2100,DISABLED,DISABLED,1953,500,2100,DISABLED,DISABLED,1968,500,2100,DISABLED,DISABLED,1969,500,2100,DISABLED,DISABLED,1972,500,2100,DISABLED,DISABLED,1959,500,2100,DISABLED,DISABLED,1973,500,2100,DISABLED,DISABLED,1966,500,2100,DISABLED,DISABLED,1500,900,1500,N/A,DISABLED,53,914,1680,N/A,ENABLED,53,914,1680,N/A,ENABLED,53,914,1680,N/A,ENABLED,53,914,1680,N/A,ENABLED,44,711,1400,N/A,ENABLED,44,711,1400,N/A,ENABLED,44,711,1400,N/A,ENABLED,44,711,1400,N/A,ENABLED,N/A,77,79,1,793,N/A,N/A,N/A,N/A,ENABLED,2041,500,2100,DISABLED,DISABLED,2040,500,2100,DISABLED,DISABLED,2049,500,2100,DISABLED,DISABLED,2032,500,2100,DISABLED,DISABLED,2040,500,2100,DISABLED,DISABLED,2039,500,2100,DISABLED,DISABLED,2035,500,2100,DISABLED,DISABLED,2032,500,2100,DISABLED,DISABLED,1500,900,1500,N/A,DISABLED,52,914,1680,N/A,ENABLED,52,914,1680,N/A,ENABLED,52,914,1680,N/A,ENABLED,52,914,1680,N/A,ENABLED,44,711,1400,N/A,ENABLED,44,711,1400,N/A,ENABLED,44,711,1400,N/A,ENABLED,44,711,1400,N/A,ENABLED,N/A,63,65,2,807,N/A,N/A,N/A,N/A,ENABLED,1982,500,2100,DISABLED,DISABLED,1974,500,2100,DISABLED,DISABLED,1984,500,2100,DISABLED,DISABLED,1971,500,2100,DISABLED,DISABLED,1976,500,2100,DISABLED,DISABLED,1959,500,2100,DISABLED,DISABLED,1985,500,2100,DISABLED,DISABLED,1980,500,2100,DISABLED,DISABLED,1500,900,1500,N/A,DISABLED,52,914,1680,N/A,ENABLED,52,914,1680,N/A,ENABLED,52,914,1680,N/A,ENABLED,52,914,1680,N/A,ENABLED,44,711,1400,N/A,ENABLED,44,711,1400,N/A,ENABLED,44,711,1400,N/A,ENABLED,44,711,1400,N/A,ENABLED,N/A,64,68,3,856,N/A,N/A,N/A,N/A,ENABLED,1864,500,2100,DISABLED,DISABLED,1861,500,2100,DISABLED,DISABLED,1866,500,2100,DISABLED,DISABLED,1861,500,2100,DISABLED,DISABLED,1856,500,2100,DISABLED,DISABLED,1852,500,2100,DISABLED,DISABLED,1859,500,2100,DISABLED,DISABLED,1853,500,2100,DISABLED,DISABLED,1500,900,1500,N/A,DISABLED,53,914,1680,N/A,ENABLED,53,914,1680,N/A,ENABLED,53,914,1680,N/A,ENABLED,53,914,1680,N/A,ENABLED,44,711,1400,N/A,ENABLED,44,711,1400,N/A,ENABLED,44,711,1400,N/A,ENABLED,44,711,1400,N/A,ENABLED,N/A,83,81,4,850,N/A,N/A,N/A,N/A,ENABLED,1994,500,2100,DISABLED,DISABLED,1987,500,2100,DISABLED,DISABLED,1999,500,2100,DISABLED,DISABLED,1986,500,2100,DISABLED,DISABLED,1993,500,2100,DISABLED,DISABLED,1989,500,2100,DISABLED,DISABLED,1993,500,2100,DISABLED,DISABLED,1980,500,2100,DISABLED,DISABLED,1500,900,1500,N/A,DISABLED,52,914,1680,N/A,ENABLED,52,914,1680,N/A,ENABLED,52,914,1680,N/A,ENABLED,52,914,1680,N/A,ENABLED,44,711,1400,N/A,ENABLED,44,711,1400,N/A,ENABLED,44,711,1400,N/A,ENABLED,44,711,1400,N/A,ENABLED,N/A,78,79,5,817,N/A,N/A,N/A,N/A,ENABLED,2030,500,2100,DISABLED,DISABLED,2027,500,2100,DISABLED,DISABLED,2030,500,2100,DISABLED,DISABLED,2026,500,2100,DISABLED,DISABLED,2039,500,2100,DISABLED,DISABLED,2023,500,2100,DISABLED,DISABLED,2039,500,2100,DISABLED,DISABLED,2025,500,2100,DISABLED,DISABLED,1500,900,1500,N/A,DISABLED,52,914,1680,N/A,ENABLED,52,914,1680,N/A,ENABLED,52,914,1680,N/A,ENABLED,52,914,1680,N/A,ENABLED,44,711,1400,N/A,ENABLED,44,711,1400,N/A,ENABLED,44,711,1400,N/A,ENABLED,44,711,1400,N/A,ENABLED,N/A,63,66,6,864,N/A,N/A,N/A,N/A,ENABLED,1880,500,2100,DISABLED,DISABLED,1877,500,2100,DISABLED,DISABLED,1898,500,2100,DISABLED,DISABLED,1885,500,2100,DISABLED,DISABLED,1890,500,2100,DISABLED,DISABLED,1873,500,2100,DISABLED,DISABLED,1888,500,2100,DISABLED,DISABLED,1882,500,2100,DISABLED,DISABLED,1500,900,1500,N/A,DISABLED,53,914,1680,N/A,ENABLED,53,914,1680,N/A,ENABLED,53,914,1680,N/A,ENABLED,53,914,1680,N/A,ENABLED,44,711,1400,N/A,ENABLED,44,711,1400,N/A,ENABLED,44,711,1400,N/A,ENABLED,44,711,1400,N/A,ENABLED,N/A,79,82,7,822,N/A,N/A,N/A,N/A,ENABLED,2009,500,2100,DISABLED,DISABLED,2004,500,2100,DISABLED,DISABLED,2017,500,2100,DISABLED,DISABLED,2012,500,2100,DISABLED,DISABLED,2013,500,2100,DISABLED,DISABLED,2001,500,2100,DISABLED,DISABLED,2018,500,2100,DISABLED,DISABLED,2007,500,2100,DISABLED,DISABLED,1500,900,1500,N/A,DISABLED,52,914,1680,N/A,ENABLED,52,914,1680,N/A,ENABLED,52,914,1680,N/A,ENABLED,52,914,1680,N/A,ENABLED,44,711,1400,N/A,ENABLED,44,711,1400,N/A,ENABLED,44,711,1400,N/A,ENABLED,44,711,1400,N/A,ENABLED,N/A,68,68
1743961093,0,853,N/A,N/A,N/A,N/A,ENABLED,1813,500,2100,DISABLED,DISABLED,1792,500,2100,DISABLED,DISABLED,1813,500,2100,DISABLED,DISABLED,1807,500,2100,DISABLED,DISABLED,1819,500,2100,DISABLED,DISABLED,1798,500,2100,DISABLED,DISABLED,1819,500,2100,DISABLED,DISABLED,1804,500,2100,DISABLED,DISABLED,1500,900,1500,N/A,DISABLED,53,914,1680,N/A,ENABLED,53,914,1680,N/A,ENABLED,53,914,1680,N/A,ENABLED,53,914,1680,N/A,ENABLED,44,711,1400,N/A,ENABLED,44,711,1400,N/A,ENABLED,44,711,1400,N/A,ENABLED,44,711,1400,N/A,ENABLED,N/A,77,73,1,810,N/A,N/A,N/A,N/A,ENABLED,1858,500,2100,DISABLED,DISABLED,1851,500,2100,DISABLED,DISABLED,1869,500,2100,DISABLED,DISABLED,1842,500,2100,DISABLED,DISABLED,1857,500,2100,DISABLED,DISABLED,1853,500,2100,DISABLED,DISABLED,1852,500,2100,DISABLED,DISABLED,1841,500,2100,DISABLED,DISABLED,1500,900,1500,N/A,DISABLED,53,914,1680,N/A,ENABLED,53,914,1680,N/A,ENABLED,53,914,1680,N/A,ENABLED,53,914,1680,N/A,ENABLED,44,711,1400,N/A,ENABLED,44,711,1400,N/A,ENABLED,44,711,1400,N/A,ENABLED,44,711,1400,N/A,ENABLED,N/A,63,59,2,812,N/A,N/A,N/A,N/A,ENABLED,1813,500,2100,DISABLED,DISABLED,1801,500,2100,DISABLED,DISABLED,1817,500,2100,DISABLED,DISABLED,1797,500,2100,DISABLED,DISABLED,1806,500,2100,DISABLED,DISABLED,1785,500,2100,DISABLED,DISABLED,1816,500,2100,DISABLED,DISABLED,1802,500,2100,DISABLED,DISABLED,1500,900,1500,N/A,DISABLED,53,914,1680,N/A,ENABLED,53,914,1680,N/A,ENABLED,53,914,1680,N/A,ENABLED,53,914,1680,N/A,ENABLED,44,711,1400,N/A,ENABLED,44,711,1400,N/A,ENABLED,44,711,1400,N/A,ENABLED,44,711,1400,N/A,ENABLED,N/A,64,62,3,871,N/A,N/A,N/A,N/A,ENABLED,1749,500,2100,DISABLED,DISABLED,1742,500,2100,DISABLED,DISABLED,1750,500,2100,DISABLED,DISABLED,1740,500,2100,DISABLED,DISABLED,1742,500,2100,DISABLED,DISABLED,1734,500,2100,DISABLED,DISABLED,1746,500,2100,DISABLED,DISABLED,1736,500,2100,DISABLED,DISABLED,1500,900,1500,N/A,DISABLED,53,914,1680,N/A,ENABLED,53,914,1680,N/A,ENABLED,53,914,1680,N/A,ENABLED,53,914,1680,N/A,ENABLED,44,711,1400,N/A,ENABLED,44,711,1400,N/A,ENABLED,44,711,1400,N/A,ENABLED,44,711,1400,N/A,ENABLED,N/A,83,75,4,873,N/A,N/A,N/A,N/A,ENABLED,1777,500,2100,DISABLED,DISABLED,1766,500,2100,DISABLED,DISABLED,1788,500,2100,DISABLED,DISABLED,1767,500,2100,DISABLED,DISABLED,1776,500,2100,DISABLED,DISABLED,1767,500,2100,DISABLED,DISABLED,1781,500,2100,DISABLED,DISABLED,1758,500,2100,DISABLED,DISABLED,1500,900,1500,N/A,DISABLED,53,914,1680,N/A,ENABLED,53,914,1680,N/A,ENABLED,53,914,1680,N/A,ENABLED,53,914,1680,N/A,ENABLED,44,711,1400,N/A,ENABLED,44,711,1400,N/A,ENABLED,44,711,1400,N/A,ENABLED,44,711,1400,N/A,ENABLED,N/A,78,74,5,833,N/A,N/A,N/A,N/A,ENABLED,1806,500,2100,DISABLED,DISABLED,1801,500,2100,DISABLED,DISABLED,1809,500,2100,DISABLED,DISABLED,1795,500,2100,DISABLED,DISABLED,1818,500,2100,DISABLED,DISABLED,1795,500,2100,DISABLED,DISABLED,1816,500,2100,DISABLED,DISABLED,1798,500,2100,DISABLED,DISABLED,1500,900,1500,N/A,DISABLED,53,914,1680,N/A,ENABLED,53,914,1680,N/A,ENABLED,53,914,1680,N/A,ENABLED,53,914,1680,N/A,ENABLED,44,711,1400,N/A,ENABLED,44,711,1400,N/A,ENABLED,44,711,1400,N/A,ENABLED,44,711,1400,N/A,ENABLED,N/A,63,60,6,871,N/A,N/A,N/A,N/A,ENABLED,1746,500,2100,DISABLED,DISABLED,1734,500,2100,DISABLED,DISABLED,1757,500,2100,DISABLED,DISABLED,1743,500,2100,DISABLED,DISABLED,1753,500,2100,DISABLED,DISABLED,1727,500,2100,DISABLED,DISABLED,1753,500,2100,DISABLED,DISABLED,1739,500,2100,DISABLED,DISABLED,1500,900,1500,N/A,DISABLED,53,914,1680,N/A,ENABLED,53,914,1680,N/A,ENABLED,53,914,1680,N/A,ENABLED,53,914,1680,N/A,ENABLED,44,711,1400,N/A,ENABLED,44,711,1400,N/A,ENABLED,44,711,1400,N/A,ENABLED,44,711,1400,N/A,ENABLED,N/A,79,76,7,836,N/A,N/A,N/A,N/A,ENABLED,1798,500,2100,DISABLED,DISABLED,1790,500,2100,DISABLED,DISABLED,1809,500,2100,DISABLED,DISABLED,1798,500,2100,DISABLED,DISABLED,1804,500,2100,DISABLED,DISABLED,1789,500,2100,DISABLED,DISABLED,1808,500,2100,DISABLED,DISABLED,1789,500,2100,DISABLED,DISABLED,1500,900,1500,N/A,DISABLED,53,914,1680,N/A,ENABLED,53,914,1680,N/A,ENABLED,53,914,1680,N/A,ENABLED,53,914,1680,N/A,ENABLED,44,711,1400,N/A,ENABLED,44,711,1400,N/A,ENABLED,44,711,1400,N/A,ENABLED,44,711,1400,N/A,ENABLED,N/A,67,62
1743961094,0,837,N/A,N/A,N/A,N/A,ENABLED,2008,500,2100,DISABLED,DISABLED,1994,500,2100,DISABLED,DISABLED,2008,500,2100,DISABLED,DISABLED,2010,500,2100,DISABLED,DISABLED,2011,500,2100,DISABLED,DISABLED,1998,500,2100,DISABLED,DISABLED,2012,500,2100,DISABLED,DISABLED,2006,500,2100,DISABLED,DISABLED,1500,900,1500,N/A,DISABLED,53,914,1680,N/A,ENABLED,53,914,1680,N/A,ENABLED,53,914,1680,N/A,ENABLED,53,914,1680,N/A,ENABLED,44,711,1400,N/A,ENABLED,44,711,1400,N/A,ENABLED,44,711,1400,N/A,ENABLED,44,711,1400,N/A,ENABLED,N/A,76,78,1,790,N/A,N/A,N/A,N/A,ENABLED,2064,500,2100,DISABLED,DISABLED,2064,500,2100,DISABLED,DISABLED,2073,500,2100,DISABLED,DISABLED,2057,500,2100,DISABLED,DISABLED,2063,500,2100,DISABLED,DISABLED,2063,500,2100,DISABLED,DISABLED,2058,500,2100,DISABLED,DISABLED,2055,500,2100,DISABLED,DISABLED,1500,900,1500,N/A,DISABLED,53,914,1680,N/A,ENABLED,53,914,1680,N/A,ENABLED,53,914,1680,N/A,ENABLED,53,914,1680,N/A,ENABLED,44,711,1400,N/A,ENABLED,44,711,1400,N/A,ENABLED,44,711,1400,N/A,ENABLED,44,711,1400,N/A,ENABLED,N/A,62,64,2,795,N/A,N/A,N/A,N/A,ENABLED,2006,500,2100,DISABLED,DISABLED,1998,500,2100,DISABLED,DISABLED,2009,500,2100,DISABLED,DISABLED,1997,500,2100,DISABLED,DISABLED,1999,500,2100,DISABLED,DISABLED,1984,500,2100,DISABLED,DISABLED,2009,500,2100,DISABLED,DISABLED,2004,500,2100,DISABLED,DISABLED,1500,900,1500,N/A,DISABLED,53,914,1680,N/A,ENABLED,53,914,1680,N/A,ENABLED,53,914,1680,N/A,ENABLED,53,914,1680,N/A,ENABLED,44,711,1400,N/A,ENABLED,44,711,1400,N/A,ENABLED,44,711,1400,N/A,ENABLED,44,711,1400,N/A,ENABLED,N/A,64,67,3,846,N/A,N/A,N/A,N/A,ENABLED,1899,500,2100,DISABLED,DISABLED,1896,500,2100,DISABLED,DISABLED,1903,500,2100,DISABLED,DISABLED,1897,500,2100,DISABLED,DISABLED,1890,500,2100,DISABLED,DISABLED,1887,500,2100,DISABLED,DISABLED,1893,500,2100,DISABLED,DISABLED,1888,500,2100,DISABLED,DISABLED,1500,900,1500,N/A,DISABLED,53,914,1680,N/A,ENABLED,53,914,1680,N/A,ENABLED,53,914,1680,N/A,ENABLED,53,914,1680,N/A,ENABLED,44,711,1400,N/A,ENABLED,44,711,1400,N/A,ENABLED,44,711,1400,N/A,ENABLED,44,711,1400,N/A,ENABLED,N/A,82,80,4,836,N/A,N/A,N/A,N/A,ENABLED,2029,500,2100,DISABLED,DISABLED,2024,500,2100,DISABLED,DISABLED,2036,500,2100,DISABLED,DISABLED,2024,500,2100,DISABLED,DISABLED,2030,500,2100,DISABLED,DISABLED,2025,500,2100,DISABLED,DISABLED,2027,500,2100,DISABLED,DISABLED,2014,500,2100,DISABLED,DISABLED,1500,900,1500,N/A,DISABLED,53,914,1680,N/A,ENABLED,53,914,1680,N/A,ENABLED,53,914,1680,N/A,ENABLED,53,914,1680,N/A,ENABLED,44,711,1400,N/A,ENABLED,44,711,1400,N/A,ENABLED,44,711,1400,N/A,ENABLED,44,711,1400,N/A,ENABLED,N/A,78,79,5,804,N/A,N/A,N/A,N/A,ENABLED,2057,500,2100,DISABLED,DISABLED,2054,500,2100,DISABLED,DISABLED,2057,500,2100,DISABLED,DISABLED,2054,500,2100,DISABLED,DISABLED,2066,500,2100,DISABLED,DISABLED,2050,500,2100,DISABLED,DISABLED,2066,500,2100,DISABLED,DISABLED,2053,500,2100,DISABLED,DISABLED,1500,900,1500,N/A,DISABLED,53,914,1680,N/A,ENABLED,53,914,1680,N/A,ENABLED,53,914,1680,N/A,ENABLED,53,914,1680,N/A,ENABLED,44,711,1400,N/A,ENABLED,44,711,1400,N/A,ENABLED,44,711,1400,N/A,ENABLED,44,711,1400,N/A,ENABLED,N/A,63,65,6,850,N/A,N/A,N/A,N/A,ENABLED,1913,500,2100,DISABLED,DISABLED,1909,500,2100,DISABLED,DISABLED,1930,500,2100,DISABLED,DISABLED,1919,500,2100,DISABLED,DISABLED,1923,500,2100,DISABLED,DISABLED,1905,500,2100,DISABLED,DISABLED,1921,500,2100,DISABLED,DISABLED,1916,500,2100,DISABLED,DISABLED,1500,900,1500,N/A,DISABLED,53,914,1680,N/A,ENABLED,53,914,1680,N/A,ENABLED,53,914,1680,N/A,ENABLED,53,914,1680,N/A,ENABLED,44,711,1400,N/A,ENABLED,44,711,1400,N/A,ENABLED,44,711,1400,N/A,ENABLED,44,711,1400,N/A,ENABLED,N/A,79,82,7,805,N/A,N/A,N/A,N/A,ENABLED,2033,500,2100,DISABLED,DISABLED,2029,500,2100,DISABLED,DISABLED,2042,500,2100,DISABLED,DISABLED,2037,500,2100,DISABLED,DISABLED,2039,500,2100,DISABLED,DISABLED,2028,500,2100,DISABLED,DISABLED,2044,500,2100,DISABLED,DISABLED,2034,500,2100,DISABLED,DISABLED,1500,900,1500,N/A,DISABLED,53,914,1680,N/A,ENABLED,53,914,1680,N/A,ENABLED,53,914,1680,N/A,ENABLED,53,914,1680,N/A,ENABLED,44,711,1400,N/A,ENABLED,44,711,1400,N/A,ENABLED,44,711,1400,N/A,ENABLED,44,711,1400,N/A,ENABLED,N/A,67,67
1743961095,0,838,N/A,N/A,N/A,N/A,ENABLED,2002,500,2100,DISABLED,DISABLED,1987,500,2100,DISABLED,DISABLED,2003,500,2100,DISABLED,DISABLED,2005,500,2100,DISABLED,DISABLED,2005,500,2100,DISABLED,DISABLED,1993,500,2100,DISABLED,DISABLED,2008,500,2100,DISABLED,DISABLED,2001,500,2100,DISABLED,DISABLED,1500,900,1500,N/A,DISABLED,53,914,1680,N/A,ENABLED,53,914,1680,N/A,ENABLED,53,914,1680,N/A,ENABLED,53,914,1680,N/A,ENABLED,44,711,1400,N/A,ENABLED,44,711,1400,N/A,ENABLED,44,711,1400,N/A,ENABLED,44,711,1400,N/A,ENABLED,N/A,76,79,1,788,N/A,N/A,N/A,N/A,ENABLED,2063,500,2100,DISABLED,DISABLED,2064,500,2100,DISABLED,DISABLED,2073,500,2100,DISABLED,DISABLED,2056,500,2100,DISABLED,DISABLED,2063,500,2100,DISABLED,DISABLED,2062,500,2100,DISABLED,DISABLED,2056,500,2100,DISABLED,DISABLED,2053,500,2100,DISABLED,DISABLED,1500,900,1500,N/A,DISABLED,53,914,1680,N/A,ENABLED,53,914,1680,N/A,ENABLED,53,914,1680,N/A,ENABLED,53,914,1680,N/A,ENABLED,44,711,1400,N/A,ENABLED,44,711,1400,N/A,ENABLED,44,711,1400,N/A,ENABLED,44,711,1400,N/A,ENABLED,N/A,62,64,2,802,N/A,N/A,N/A,N/A,ENABLED,2008,500,2100,DISABLED,DISABLED,2000,500,2100,DISABLED,DISABLED,2010,500,2100,DISABLED,DISABLED,1999,500,2100,DISABLED,DISABLED,2001,500,2100,DISABLED,DISABLED,1986,500,2100,DISABLED,DISABLED,2011,500,2100,DISABLED,DISABLED,2006,500,2100,DISABLED,DISABLED,1500,900,1500,N/A,DISABLED,53,914,1680,N/A,ENABLED,53,914,1680,N/A,ENABLED,53,914,1680,N/A,ENABLED,53,914,1680,N/A,ENABLED,44,711,1400,N/A,ENABLED,44,711,1400,N/A,ENABLED,44,711,1400,N/A,ENABLED,44,711,1400,N/A,ENABLED,N/A,63,67,3,849,N/A,N/A,N/A,N/A,ENABLED,1895,500,2100,DISABLED,DISABLED,1892,500,2100,DISABLED,DISABLED,1899,500,2100,DISABLED,DISABLED,1894,500,2100,DISABLED,DISABLED,1887,500,2100,DISABLED,DISABLED,1883,500,2100,DISABLED,DISABLED,1890,500,2100,DISABLED,DISABLED,1884,500,2100,DISABLED,DISABLED,1500,900,1500,N/A,DISABLED,53,914,1680,N/A,ENABLED,53,914,1680,N/A,ENABLED,53,914,1680,N/A,ENABLED,53,914,1680,N/A,ENABLED,44,711,1400,N/A,ENABLED,44,711,1400,N/A,ENABLED,44,711,1400,N/A,ENABLED,44,711,1400,N/A,ENABLED,N/A,82,80,4,836,N/A,N/A,N/A,N/A,ENABLED,2028,500,2100,DISABLED,DISABLED,2022,500,2100,DISABLED,DISABLED,2035,500,2100,DISABLED,DISABLED,2022,500,2100,DISABLED,DISABLED,2028,500,2100,DISABLED,DISABLED,2024,500,2100,DISABLED,DISABLED,2026,500,2100,DISABLED,DISABLED,2013,500,2100,DISABLED,DISABLED,1500,900,1500,N/A,DISABLED,53,914,1680,N/A,ENABLED,53,914,1680,N/A,ENABLED,53,914,1680,N/A,ENABLED,53,914,1680,N/A,ENABLED,44,711,1400,N/A,ENABLED,44,711,1400,N/A,ENABLED,44,711,1400,N/A,ENABLED,44,711,1400,N/A,ENABLED,N/A,77,79,5,812,N/A,N/A,N/A,N/A,ENABLED,2055,500,2100,DISABLED,DISABLED,2052,500,2100,DISABLED,DISABLED,2055,500,2100,DISABLED,DISABLED,2051,500,2100,DISABLED,DISABLED,2063,500,2100,DISABLED,DISABLED,2048,500,2100,DISABLED,DISABLED,2063,500,2100,DISABLED,DISABLED,2050,500,2100,DISABLED,DISABLED,1500,900,1500,N/A,DISABLED,53,914,1680,N/A,ENABLED,53,914,1680,N/A,ENABLED,53,914,1680,N/A,ENABLED,53,914,1680,N/A,ENABLED,44,711,1400,N/A,ENABLED,44,711,1400,N/A,ENABLED,44,711,1400,N/A,ENABLED,44,711,1400,N/A,ENABLED,N/A,62,65,6,860,N/A,N/A,N/A,N/A,ENABLED,1906,500,2100,DISABLED,DISABLED,1902,500,2100,DISABLED,DISABLED,1923,500,2100,DISABLED,DISABLED,1912,500,2100,DISABLED,DISABLED,1915,500,2100,DISABLED,DISABLED,1897,500,2100,DISABLED,DISABLED,1914,500,2100,DISABLED,DISABLED,1910,500,2100,DISABLED,DISABLED,1500,900,1500,N/A,DISABLED,53,914,1680,N/A,ENABLED,53,914,1680,N/A,ENABLED,53,914,1680,N/A,ENABLED,53,914,1680,N/A,ENABLED,44,711,1400,N/A,ENABLED,44,711,1400,N/A,ENABLED,44,711,1400,N/A,ENABLED,44,711,1400,N/A,ENABLED,N/A,79,81,7,809,N/A,N/A,N/A,N/A,ENABLED,2031,500,2100,DISABLED,DISABLED,2026,500,2100,DISABLED,DISABLED,2040,500,2100,DISABLED,DISABLED,2036,500,2100,DISABLED,DISABLED,2037,500,2100,DISABLED,DISABLED,2025,500,2100,DISABLED,DISABLED,2043,500,2100,DISABLED,DISABLED,2033,500,2100,DISABLED,DISABLED,1500,900,1500,N/A,DISABLED,53,914,1680,N/A,ENABLED,53,914,1680,N/A,ENABLED,53,914,1680,N/A,ENABLED,53,914,1680,N/A,ENABLED,44,711,1400,N/A,ENABLED,44,711,1400,N/A,ENABLED,44,711,1400,N/A,ENABLED,44,711,1400,N/A,ENABLED,N/A,67,67
1743961097,0,836,N/A,N/A,N/A,N/A,ENABLED,1999,500,2100,DISABLED,DISABLED,1984,500,2100,DISABLED,DISABLED,2000,500,2100,DISABLED,DISABLED,2001,500,2100,DISABLED,DISABLED,2002,500,2100,DISABLED,DISABLED,1989,500,2100,DISABLED,DISABLED,2004,500,2100,DISABLED,DISABLED,1997,500,2100,DISABLED,DISABLED,1500,900,1500,N/A,DISABLED,52,914,1680,N/A,ENABLED,52,914,1680,N/A,ENABLED,52,914,1680,N/A,ENABLED,52,914,1680,N/A,ENABLED,44,711,1400,N/A,ENABLED,44,711,1400,N/A,ENABLED,44,711,1400,N/A,ENABLED,44,711,1400,N/A,ENABLED,N/A,76,79,1,792,N/A,N/A,N/A,N/A,ENABLED,2063,500,2100,DISABLED,DISABLED,2063,500,2100,DISABLED,DISABLED,2072,500,2100,DISABLED,DISABLED,2055,500,2100,DISABLED,DISABLED,2061,500,2100,DISABLED,DISABLED,2061,500,2100,DISABLED,DISABLED,2055,500,2100,DISABLED,DISABLED,2052,500,2100,DISABLED,DISABLED,1500,900,1500,N/A,DISABLED,52,914,1680,N/A,ENABLED,52,914,1680,N/A,ENABLED,52,914,1680,N/A,ENABLED,52,914,1680,N/A,ENABLED,44,711,1400,N/A,ENABLED,44,711,1400,N/A,ENABLED,44,711,1400,N/A,ENABLED,44,711,1400,N/A,ENABLED,N/A,62,64,2,802,N/A,N/A,N/A,N/A,ENABLED,2008,500,2100,DISABLED,DISABLED,2000,500,2100,DISABLED,DISABLED,2010,500,2100,DISABLED,DISABLED,1999,500,2100,DISABLED,DISABLED,2001,500,2100,DISABLED,DISABLED,1985,500,2100,DISABLED,DISABLED,2011,500,2100,DISABLED,DISABLED,2007,500,2100,DISABLED,DISABLED,1500,900,1500,N/A,DISABLED,52,914,1680,N/A,ENABLED,52,914,1680,N/A,ENABLED,52,914,1680,N/A,ENABLED,52,914,1680,N/A,ENABLED,44,711,1400,N/A,ENABLED,44,711,1400,N/A,ENABLED,44,711,1400,N/A,ENABLED,44,711,1400,N/A,ENABLED,N/A,63,67,3,852,N/A,N/A,N/A,N/A,ENABLED,1884,500,2100,DISABLED,DISABLED,1882,500,2100,DISABLED,DISABLED,1889,500,2100,DISABLED,DISABLED,1883,500,2100,DISABLED,DISABLED,1877,500,2100,DISABLED,DISABLED,1872,500,2100,DISABLED,DISABLED,1879,500,2100,DISABLED,DISABLED,1873,500,2100,DISABLED,DISABLED,1500,900,1500,N/A,DISABLED,52,914,1680,N/A,ENABLED,52,914,1680,N/A,ENABLED,52,914,1680,N/A,ENABLED,52,914,1680,N/A,ENABLED,44,711,1400,N/A,ENABLED,44,711,1400,N/A,ENABLED,44,711,1400,N/A,ENABLED,44,711,1400,N/A,ENABLED,N/A,82,80,4,844,N/A,N/A,N/A,N/A,ENABLED,2025,500,2100,DISABLED,DISABLED,2018,500,2100,DISABLED,DISABLED,2031,500,2100,DISABLED,DISABLED,2019,500,2100,DISABLED,DISABLED,2025,500,2100,DISABLED,DISABLED,2021,500,2100,DISABLED,DISABLED,2023,500,2100,DISABLED,DISABLED,2010,500,2100,DISABLED,DISABLED,1500,900,1500,N/A,DISABLED,52,914,1680,N/A,ENABLED,52,914,1680,N/A,ENABLED,52,914,1680,N/A,ENABLED,52,914,1680,N/A,ENABLED,44,711,1400,N/A,ENABLED,44,711,1400,N/A,ENABLED,44,711,1400,N/A,ENABLED,44,711,1400,N/A,ENABLED,N/A,77,79,5,812,N/A,N/A,N/A,N/A,ENABLED,2054,500,2100,DISABLED,DISABLED,2051,500,2100,DISABLED,DISABLED,2053,500,2100,DISABLED,DISABLED,2049,500,2100,DISABLED,DISABLED,2062,500,2100,DISABLED,DISABLED,2047,500,2100,DISABLED,DISABLED,2061,500,2100,DISABLED,DISABLED,2048,500,2100,DISABLED,DISABLED,1500,900,1500,N/A,DISABLED,52,914,1680,N/A,ENABLED,52,914,1680,N/A,ENABLED,52,914,1680,N/A,ENABLED,52,914,1680,N/A,ENABLED,44,711,1400,N/A,ENABLED,44,711,1400,N/A,ENABLED,44,711,1400,N/A,ENABLED,44,711,1400,N/A,ENABLED,N/A,62,65,6,859,N/A,N/A,N/A,N/A,ENABLED,1924,500,2100,DISABLED,DISABLED,1920,500,2100,DISABLED,DISABLED,1941,500,2100,DISABLED,DISABLED,1930,500,2100,DISABLED,DISABLED,1933,500,2100,DISABLED,DISABLED,1916,500,2100,DISABLED,DISABLED,1931,500,2100,DISABLED,DISABLED,1926,500,2100,DISABLED,DISABLED,1500,900,1500,N/A,DISABLED,53,914,1680,N/A,ENABLED,53,914,1680,N/A,ENABLED,53,914,1680,N/A,ENABLED,53,914,1680,N/A,ENABLED,44,711,1400,N/A,ENABLED,44,711,1400,N/A,ENABLED,44,711,1400,N/A,ENABLED,44,711,1400,N/A,ENABLED,N/A,79,81,7,810,N/A,N/A,N/A,N/A,ENABLED,2032,500,2100,DISABLED,DISABLED,2028,500,2100,DISABLED,DISABLED,2042,500,2100,DISABLED,DISABLED,2038,500,2100,DISABLED,DISABLED,2039,500,2100,DISABLED,DISABLED,2027,500,2100,DISABLED,DISABLED,2044,500,2100,DISABLED,DISABLED,2032,500,2100,DISABLED,DISABLED,1500,900,1500,N/A,DISABLED,52,914,1680,N/A,ENABLED,52,914,1680,N/A,ENABLED,52,914,1680,N/A,ENABLED,52,914,1680,N/A,ENABLED,44,711,1400,N/A,ENABLED,44,711,1400,N/A,ENABLED,44,711,1400,N/A,ENABLED,44,711,1400,N/A,ENABLED,N/A,67,67
1743961098,0,838,N/A,N/A,N/A,N/A,ENABLED,1998,500,2100,DISABLED,DISABLED,1983,500,2100,DISABLED,DISABLED,1998,500,2100,DISABLED,DISABLED,2001,500,2100,DISABLED,DISABLED,2001,500,2100,DISABLED,DISABLED,1989,500,2100,DISABLED,DISABLED,2003,500,2100,DISABLED,DISABLED,1996,500,2100,DISABLED,DISABLED,1500,900,1500,N/A,DISABLED,53,914,1680,N/A,ENABLED,53,914,1680,N/A,ENABLED,53,914,1680,N/A,ENABLED,53,914,1680,N/A,ENABLED,44,711,1400,N/A,ENABLED,44,711,1400,N/A,ENABLED,44,711,1400,N/A,ENABLED,44,711,1400,N/A,ENABLED,N/A,76,79,1,789,N/A,N/A,N/A,N/A,ENABLED,2062,500,2100,DISABLED,DISABLED,2063,500,2100,DISABLED,DISABLED,2071,500,2100,DISABLED,DISABLED,2055,500,2100,DISABLED,DISABLED,2061,500,2100,DISABLED,DISABLED,2061,500,2100,DISABLED,DISABLED,2055,500,2100,DISABLED,DISABLED,2052,500,2100,DISABLED,DISABLED,1500,900,1500,N/A,DISABLED,53,914,1680,N/A,ENABLED,53,914,1680,N/A,ENABLED,53,914,1680,N/A,ENABLED,53,914,1680,N/A,ENABLED,44,711,1400,N/A,ENABLED,44,711,1400,N/A,ENABLED,44,711,1400,N/A,ENABLED,44,711,1400,N/A,ENABLED,N/A,62,64,2,800,N/A,N/A,N/A,N/A,ENABLED,2014,500,2100,DISABLED,DISABLED,2007,500,2100,DISABLED,DISABLED,2017,500,2100,DISABLED,DISABLED,2005,500,2100,DISABLED,DISABLED,2008,500,2100,DISABLED,DISABLED,1992,500,2100,DISABLED,DISABLED,2018,500,2100,DISABLED,DISABLED,2015,500,2100,DISABLED,DISABLED,1500,900,1500,N/A,DISABLED,53,914,1680,N/A,ENABLED,53,914,1680,N/A,ENABLED,53,914,1680,N/A,ENABLED,53,914,1680,N/A,ENABLED,44,711,1400,N/A,ENABLED,44,711,1400,N/A,ENABLED,44,711,1400,N/A,ENABLED,44,711,1400,N/A,ENABLED,N/A,63,66,3,847,N/A,N/A,N/A,N/A,ENABLED,1890,500,2100,DISABLED,DISABLED,1888,500,2100,DISABLED,DISABLED,1895,500,2100,DISABLED,DISABLED,1889,500,2100,DISABLED,DISABLED,1883,500,2100,DISABLED,DISABLED,1877,500,2100,DISABLED,DISABLED,1885,500,2100,DISABLED,DISABLED,1878,500,2100,DISABLED,DISABLED,1500,900,1500,N/A,DISABLED,53,914,1680,N/A,ENABLED,53,914,1680,N/A,ENABLED,53,914,1680,N/A,ENABLED,53,914,1680,N/A,ENABLED,44,711,1400,N/A,ENABLED,44,711,1400,N/A,ENABLED,44,711,1400,N/A,ENABLED,44,711,1400,N/A,ENABLED,N/A,83,81,4,837,N/A,N/A,N/A,N/A,ENABLED,2027,500,2100,DISABLED,DISABLED,2021,500,2100,DISABLED,DISABLED,2035,500,2100,DISABLED,DISABLED,2021,500,2100,DISABLED,DISABLED,2026,500,2100,DISABLED,DISABLED,2023,500,2100,DISABLED,DISABLED,2025,500,2100,DISABLED,DISABLED,2013,500,2100,DISABLED,DISABLED,1500,900,1500,N/A,DISABLED,53,914,1680,N/A,ENABLED,53,914,1680,N/A,ENABLED,53,914,1680,N/A,ENABLED,53,914,1680,N/A,ENABLED,44,711,1400,N/A,ENABLED,44,711,1400,N/A,ENABLED,44,711,1400,N/A,ENABLED,44,711,1400,N/A,ENABLED,N/A,77,78,5,811,N/A,N/A,N/A,N/A,ENABLED,2055,500,2100,DISABLED,DISABLED,2052,500,2100,DISABLED,DISABLED,2054,500,2100,DISABLED,DISABLED,2051,500,2100,DISABLED,DISABLED,2062,500,2100,DISABLED,DISABLED,2047,500,2100,DISABLED,DISABLED,2062,500,2100,DISABLED,DISABLED,2049,500,2100,DISABLED,DISABLED,1500,900,1500,N/A,DISABLED,53,914,1680,N/A,ENABLED,53,914,1680,N/A,ENABLED,53,914,1680,N/A,ENABLED,53,914,1680,N/A,ENABLED,44,711,1400,N/A,ENABLED,44,711,1400,N/A,ENABLED,44,711,1400,N/A,ENABLED,44,711,1400,N/A,ENABLED,N/A,62,65,6,864,N/A,N/A,N/A,N/A,ENABLED,1922,500,2100,DISABLED,DISABLED,1917,500,2100,DISABLED,DISABLED,1940,500,2100,DISABLED,DISABLED,1929,500,2100,DISABLED,DISABLED,1931,500,2100,DISABLED,DISABLED,1913,500,2100,DISABLED,DISABLED,1930,500,2100,DISABLED,DISABLED,1925,500,2100,DISABLED,DISABLED,1500,900,1500,N/A,DISABLED,53,914,1680,N/A,ENABLED,53,914,1680,N/A,ENABLED,53,914,1680,N/A,ENABLED,53,914,1680,N/A,ENABLED,44,711,1400,N/A,ENABLED,44,711,1400,N/A,ENABLED,44,711,1400,N/A,ENABLED,44,711,1400,N/A,ENABLED,N/A,79,81,7,812,N/A,N/A,N/A,N/A,ENABLED,2032,500,2100,DISABLED,DISABLED,2029,500,2100,DISABLED,DISABLED,2041,500,2100,DISABLED,DISABLED,2038,500,2100,DISABLED,DISABLED,2038,500,2100,DISABLED,DISABLED,2027,500,2100,DISABLED,DISABLED,2043,500,2100,DISABLED,DISABLED,2033,500,2100,DISABLED,DISABLED,1500,900,1500,N/A,DISABLED,53,914,1680,N/A,ENABLED,53,914,1680,N/A,ENABLED,53,914,1680,N/A,ENABLED,53,914,1680,N/A,ENABLED,44,711,1400,N/A,ENABLED,44,711,1400,N/A,ENABLED,44,711,1400,N/A,ENABLED,44,711,1400,N/A,ENABLED,N/A,67,67
1743961099,0,833,N/A,N/A,N/A,N/A,ENABLED,1999,500,2100,DISABLED,DISABLED,1984,500,2100,DISABLED,DISABLED,1999,500,2100,DISABLED,DISABLED,2001,500,2100,DISABLED,DISABLED,2002,500,2100,DISABLED,DISABLED,1989,500,2100,DISABLED,DISABLED,2004,500,2100,DISABLED,DISABLED,1998,500,2100,DISABLED,DISABLED,1500,900,1500,N/A,DISABLED,53,914,1680,N/A,ENABLED,53,914,1680,N/A,ENABLED,53,914,1680,N/A,ENABLED,53,914,1680,N/A,ENABLED,44,711,1400,N/A,ENABLED,44,711,1400,N/A,ENABLED,44,711,1400,N/A,ENABLED,44,711,1400,N/A,ENABLED,N/A,76,78,1,790,N/A,N/A,N/A,N/A,ENABLED,2063,500,2100,DISABLED,DISABLED,2064,500,2100,DISABLED,DISABLED,2072,500,2100,DISABLED,DISABLED,2055,500,2100,DISABLED,DISABLED,2062,500,2100,DISABLED,DISABLED,2061,500,2100,DISABLED,DISABLED,2056,500,2100,DISABLED,DISABLED,2053,500,2100,DISABLED,DISABLED,1500,900,1500,N/A,DISABLED,53,914,1680,N/A,ENABLED,53,914,1680,N/A,ENABLED,53,914,1680,N/A,ENABLED,53,914,1680,N/A,ENABLED,44,711,1400,N/A,ENABLED,44,711,1400,N/A,ENABLED,44,711,1400,N/A,ENABLED,44,711,1400,N/A,ENABLED,N/A,62,64,2,800,N/A,N/A,N/A,N/A,ENABLED,2010,500,2100,DISABLED,DISABLED,2001,500,2100,DISABLED,DISABLED,2013,500,2100,DISABLED,DISABLED,2000,500,2100,DISABLED,DISABLED,2003,500,2100,DISABLED,DISABLED,1987,500,2100,DISABLED,DISABLED,2014,500,2100,DISABLED,DISABLED,2009,500,2100,DISABLED,DISABLED,1500,900,1500,N/A,DISABLED,53,914,1680,N/A,ENABLED,53,914,1680,N/A,ENABLED,53,914,1680,N/A,ENABLED,53,914,1680,N/A,ENABLED,44,711,1400,N/A,ENABLED,44,711,1400,N/A,ENABLED,44,711,1400,N/A,ENABLED,44,711,1400,N/A,ENABLED,N/A,63,67,3,847,N/A,N/A,N/A,N/A,ENABLED,1885,500,2100,DISABLED,DISABLED,1882,500,2100,DISABLED,DISABLED,1889,500,2100,DISABLED,DISABLED,1884,500,2100,DISABLED,DISABLED,1876,500,2100,DISABLED,DISABLED,1874,500,2100,DISABLED,DISABLED,1878,500,2100,DISABLED,DISABLED,1874,500,2100,DISABLED,DISABLED,1500,900,1500,N/A,DISABLED,53,914,1680,N/A,ENABLED,53,914,1680,N/A,ENABLED,53,914,1680,N/A,ENABLED,53,914,1680,N/A,ENABLED,44,711,1400,N/A,ENABLED,44,711,1400,N/A,ENABLED,44,711,1400,N/A,ENABLED,44,711,1400,N/A,ENABLED,N/A,83,81,4,836,N/A,N/A,N/A,N/A,ENABLED,2028,500,2100,DISABLED,DISABLED,2022,500,2100,DISABLED,DISABLED,2035,500,2100,DISABLED,DISABLED,2021,500,2100,DISABLED,DISABLED,2027,500,2100,DISABLED,DISABLED,2024,500,2100,DISABLED,DISABLED,2025,500,2100,DISABLED,DISABLED,2013,500,2100,DISABLED,DISABLED,1500,900,1500,N/A,DISABLED,53,914,1680,N/A,ENABLED,53,914,1680,N/A,ENABLED,53,914,1680,N/A,ENABLED,53,914,1680,N/A,ENABLED,44,711,1400,N/A,ENABLED,44,711,1400,N/A,ENABLED,44,711,1400,N/A,ENABLED,44,711,1400,N/A,ENABLED,N/A,77,79,5,808,N/A,N/A,N/A,N/A,ENABLED,2053,500,2100,DISABLED,DISABLED,2049,500,2100,DISABLED,DISABLED,2051,500,2100,DISABLED,DISABLED,2047,500,2100,DISABLED,DISABLED,2060,500,2100,DISABLED,DISABLED,2045,500,2100,DISABLED,DISABLED,2059,500,2100,DISABLED,DISABLED,2046,500,2100,DISABLED,DISABLED,1500,900,1500,N/A,DISABLED,53,914,1680,N/A,ENABLED,53,914,1680,N/A,ENABLED,53,914,1680,N/A,ENABLED,53,914,1680,N/A,ENABLED,44,711,1400,N/A,ENABLED,44,711,1400,N/A,ENABLED,44,711,1400,N/A,ENABLED,44,711,1400,N/A,ENABLED,N/A,62,64,6,858,N/A,N/A,N/A,N/A,ENABLED,1930,500,2100,DISABLED,DISABLED,1925,500,2100,DISABLED,DISABLED,1947,500,2100,DISABLED,DISABLED,1939,500,2100,DISABLED,DISABLED,1938,500,2100,DISABLED,DISABLED,1921,500,2100,DISABLED,DISABLED,1937,500,2100,DISABLED,DISABLED,1933,500,2100,DISABLED,DISABLED,1500,900,1500,N/A,DISABLED,53,914,1680,N/A,ENABLED,53,914,1680,N/A,ENABLED,53,914,1680,N/A,ENABLED,53,914,1680,N/A,ENABLED,44,711,1400,N/A,ENABLED,44,711,1400,N/A,ENABLED,44,711,1400,N/A,ENABLED,44,711,1400,N/A,ENABLED,N/A,79,81,7,810,N/A,N/A,N/A,N/A,ENABLED,2034,500,2100,DISABLED,DISABLED,2029,500,2100,DISABLED,DISABLED,2043,500,2100,DISABLED,DISABLED,2039,500,2100,DISABLED,DISABLED,2039,500,2100,DISABLED,DISABLED,2028,500,2100,DISABLED,DISABLED,2045,500,2100,DISABLED,DISABLED,2034,500,2100,DISABLED,DISABLED,1500,900,1500,N/A,DISABLED,53,914,1680,N/A,ENABLED,53,914,1680,N/A,ENABLED,53,914,1680,N/A,ENABLED,53,914,1680,N/A,ENABLED,44,711,1400,N/A,ENABLED,44,711,1400,N/A,ENABLED,44,711,1400,N/A,ENABLED,44,711,1400,N/A,ENABLED,N/A,67,67
1743961100,0,837,N/A,N/A,N/A,N/A,ENABLED,1995,500,2100,DISABLED,DISABLED,1979,500,2100,DISABLED,DISABLED,1995,500,2100,DISABLED,DISABLED,1996,500,2100,DISABLED,DISABLED,1998,500,2100,DISABLED,DISABLED,1985,500,2100,DISABLED,DISABLED,1999,500,2100,DISABLED,DISABLED,1992,500,2100,DISABLED,DISABLED,1500,900,1500,N/A,DISABLED,53,914,1680,N/A,ENABLED,53,914,1680,N/A,ENABLED,53,914,1680,N/A,ENABLED,53,914,1680,N/A,ENABLED,44,711,1400,N/A,ENABLED,44,711,1400,N/A,ENABLED,44,711,1400,N/A,ENABLED,44,711,1400,N/A,ENABLED,N/A,76,78,1,789,N/A,N/A,N/A,N/A,ENABLED,2062,500,2100,DISABLED,DISABLED,2062,500,2100,DISABLED,DISABLED,2071,500,2100,DISABLED,DISABLED,2055,500,2100,DISABLED,DISABLED,2061,500,2100,DISABLED,DISABLED,2061,500,2100,DISABLED,DISABLED,2055,500,2100,DISABLED,DISABLED,2052,500,2100,DISABLED,DISABLED,1500,900,1500,N/A,DISABLED,53,914,1680,N/A,ENABLED,53,914,1680,N/A,ENABLED,53,914,1680,N/A,ENABLED,53,914,1680,N/A,ENABLED,44,711,1400,N/A,ENABLED,44,711,1400,N/A,ENABLED,44,711,1400,N/A,ENABLED,44,711,1400,N/A,ENABLED,N/A,62,64,2,802,N/A,N/A,N/A,N/A,ENABLED,2011,500,2100,DISABLED,DISABLED,2004,500,2100,DISABLED,DISABLED,2014,500,2100,DISABLED,DISABLED,2002,500,2100,DISABLED,DISABLED,2005,500,2100,DISABLED,DISABLED,1989,500,2100,DISABLED,DISABLED,2014,500,2100,DISABLED,DISABLED,2011,500,2100,DISABLED,DISABLED,1500,900,1500,N/A,DISABLED,53,914,1680,N/A,ENABLED,53,914,1680,N/A,ENABLED,53,914,1680,N/A,ENABLED,53,914,1680,N/A,ENABLED,44,711,1400,N/A,ENABLED,44,711,1400,N/A,ENABLED,44,711,1400,N/A,ENABLED,44,711,1400,N/A,ENABLED,N/A,63,66,3,857,N/A,N/A,N/A,N/A,ENABLED,1886,500,2100,DISABLED,DISABLED,1883,500,2100,DISABLED,DISABLED,1889,500,2100,DISABLED,DISABLED,1884,500,2100,DISABLED,DISABLED,1878,500,2100,DISABLED,DISABLED,1874,500,2100,DISABLED,DISABLED,1879,500,2100,DISABLED,DISABLED,1873,500,2100,DISABLED,DISABLED,1500,900,1500,N/A,DISABLED,53,914,1680,N/A,ENABLED,53,914,1680,N/A,ENABLED,53,914,1680,N/A,ENABLED,53,914,1680,N/A,ENABLED,44,711,1400,N/A,ENABLED,44,711,1400,N/A,ENABLED,44,711,1400,N/A,ENABLED,44,711,1400,N/A,ENABLED,N/A,82,81,4,842,N/A,N/A,N/A,N/A,ENABLED,2027,500,2100,DISABLED,DISABLED,2021,500,2100,DISABLED,DISABLED,2034,500,2100,DISABLED,DISABLED,2021,500,2100,DISABLED,DISABLED,2026,500,2100,DISABLED,DISABLED,2023,500,2100,DISABLED,DISABLED,2025,500,2100,DISABLED,DISABLED,2012,500,2100,DISABLED,DISABLED,1500,900,1500,N/A,DISABLED,53,914,1680,N/A,ENABLED,53,914,1680,N/A,ENABLED,53,914,1680,N/A,ENABLED,53,914,1680,N/A,ENABLED,44,711,1400,N/A,ENABLED,44,711,1400,N/A,ENABLED,44,711,1400,N/A,ENABLED,44,711,1400,N/A,ENABLED,N/A,77,79,5,812,N/A,N/A,N/A,N/A,ENABLED,2053,500,2100,DISABLED,DISABLED,2050,500,2100,DISABLED,DISABLED,2053,500,2100,DISABLED,DISABLED,2049,500,2100,DISABLED,DISABLED,2061,500,2100,DISABLED,DISABLED,2046,500,2100,DISABLED,DISABLED,2061,500,2100,DISABLED,DISABLED,2047,500,2100,DISABLED,DISABLED,1500,900,1500,N/A,DISABLED,53,914,1680,N/A,ENABLED,53,914,1680,N/A,ENABLED,53,914,1680,N/A,ENABLED,53,914,1680,N/A,ENABLED,44,711,1400,N/A,ENABLED,44,711,1400,N/A,ENABLED,44,711,1400,N/A,ENABLED,44,711,1400,N/A,ENABLED,N/A,62,64,6,859,N/A,N/A,N/A,N/A,ENABLED,1926,500,2100,DISABLED,DISABLED,1921,500,2100,DISABLED,DISABLED,1944,500,2100,DISABLED,DISABLED,1932,500,2100,DISABLED,DISABLED,1934,500,2100,DISABLED,DISABLED,1918,500,2100,DISABLED,DISABLED,1934,500,2100,DISABLED,DISABLED,1930,500,2100,DISABLED,DISABLED,1500,900,1500,N/A,DISABLED,53,914,1680,N/A,ENABLED,53,914,1680,N/A,ENABLED,53,914,1680,N/A,ENABLED,53,914,1680,N/A,ENABLED,44,711,1400,N/A,ENABLED,44,711,1400,N/A,ENABLED,44,711,1400,N/A,ENABLED,44,711,1400,N/A,ENABLED,N/A,79,81,7,814,N/A,N/A,N/A,N/A,ENABLED,2033,500,2100,DISABLED,DISABLED,2029,500,2100,DISABLED,DISABLED,2042,500,2100,DISABLED,DISABLED,2038,500,2100,DISABLED,DISABLED,2038,500,2100,DISABLED,DISABLED,2028,500,2100,DISABLED,DISABLED,2045,500,2100,DISABLED,DISABLED,2034,500,2100,DISABLED,DISABLED,1500,900,1500,N/A,DISABLED,53,914,1680,N/A,ENABLED,53,914,1680,N/A,ENABLED,53,914,1680,N/A,ENABLED,53,914,1680,N/A,ENABLED,44,711,1400,N/A,ENABLED,44,711,1400,N/A,ENABLED,44,711,1400,N/A,ENABLED,44,711,1400,N/A,ENABLED,N/A,66,66
1743961102,0,835,N/A,N/A,N/A,N/A,ENABLED,1985,500,2100,DISABLED,DISABLED,1970,500,2100,DISABLED,DISABLED,1986,500,2100,DISABLED,DISABLED,1987,500,2100,DISABLED,DISABLED,1988,500,2100,DISABLED,DISABLED,1975,500,2100,DISABLED,DISABLED,1989,500,2100,DISABLED,DISABLED,1982,500,2100,DISABLED,DISABLED,1499,900,1500,N/A,DISABLED,52,914,1680,N/A,ENABLED,52,914,1680,N/A,ENABLED,52,914,1680,N/A,ENABLED,52,914,1680,N/A,ENABLED,44,711,1400,N/A,ENABLED,44,711,1400,N/A,ENABLED,44,711,1400,N/A,ENABLED,44,711,1400,N/A,ENABLED,N/A,76,78,1,787,N/A,N/A,N/A,N/A,ENABLED,2063,500,2100,DISABLED,DISABLED,2063,500,2100,DISABLED,DISABLED,2073,500,2100,DISABLED,DISABLED,2055,500,2100,DISABLED,DISABLED,2061,500,2100,DISABLED,DISABLED,2061,500,2100,DISABLED,DISABLED,2056,500,2100,DISABLED,DISABLED,2052,500,2100,DISABLED,DISABLED,1500,900,1500,N/A,DISABLED,52,914,1680,N/A,ENABLED,52,914,1680,N/A,ENABLED,52,914,1680,N/A,ENABLED,52,914,1680,N/A,ENABLED,44,711,1400,N/A,ENABLED,44,711,1400,N/A,ENABLED,44,711,1400,N/A,ENABLED,44,711,1400,N/A,ENABLED,N/A,61,63,2,800,N/A,N/A,N/A,N/A,ENABLED,2014,500,2100,DISABLED,DISABLED,2005,500,2100,DISABLED,DISABLED,2017,500,2100,DISABLED,DISABLED,2004,500,2100,DISABLED,DISABLED,2007,500,2100,DISABLED,DISABLED,1991,500,2100,DISABLED,DISABLED,2017,500,2100,DISABLED,DISABLED,2013,500,2100,DISABLED,DISABLED,1499,900,1500,N/A,DISABLED,52,914,1680,N/A,ENABLED,52,914,1680,N/A,ENABLED,52,914,1680,N/A,ENABLED,52,914,1680,N/A,ENABLED,44,711,1400,N/A,ENABLED,44,711,1400,N/A,ENABLED,44,711,1400,N/A,ENABLED,44,711,1400,N/A,ENABLED,N/A,62,66,3,850,N/A,N/A,N/A,N/A,ENABLED,1893,500,2100,DISABLED,DISABLED,1890,500,2100,DISABLED,DISABLED,1897,500,2100,DISABLED,DISABLED,1891,500,2100,DISABLED,DISABLED,1885,500,2100,DISABLED,DISABLED,1881,500,2100,DISABLED,DISABLED,1888,500,2100,DISABLED,DISABLED,1881,500,2100,DISABLED,DISABLED,1500,900,1500,N/A,DISABLED,53,914,1680,N/A,ENABLED,53,914,1680,N/A,ENABLED,53,914,1680,N/A,ENABLED,53,914,1680,N/A,ENABLED,44,711,1400,N/A,ENABLED,44,711,1400,N/A,ENABLED,44,711,1400,N/A,ENABLED,44,711,1400,N/A,ENABLED,N/A,82,79,4,841,N/A,N/A,N/A,N/A,ENABLED,2026,500,2100,DISABLED,DISABLED,2020,500,2100,DISABLED,DISABLED,2033,500,2100,DISABLED,DISABLED,2020,500,2100,DISABLED,DISABLED,2025,500,2100,DISABLED,DISABLED,2022,500,2100,DISABLED,DISABLED,2023,500,2100,DISABLED,DISABLED,2011,500,2100,DISABLED,DISABLED,1500,900,1500,N/A,DISABLED,53,914,1680,N/A,ENABLED,53,914,1680,N/A,ENABLED,53,914,1680,N/A,ENABLED,53,914,1680,N/A,ENABLED,44,711,1400,N/A,ENABLED,44,711,1400,N/A,ENABLED,44,711,1400,N/A,ENABLED,44,711,1400,N/A,ENABLED,N/A,77,79,5,815,N/A,N/A,N/A,N/A,ENABLED,2052,500,2100,DISABLED,DISABLED,2048,500,2100,DISABLED,DISABLED,2052,500,2100,DISABLED,DISABLED,2048,500,2100,DISABLED,DISABLED,2059,500,2100,DISABLED,DISABLED,2044,500,2100,DISABLED,DISABLED,2059,500,2100,DISABLED,DISABLED,2046,500,2100,DISABLED,DISABLED,1499,900,1500,N/A,DISABLED,52,914,1680,N/A,ENABLED,52,914,1680,N/A,ENABLED,52,914,1680,N/A,ENABLED,52,914,1680,N/A,ENABLED,44,711,1400,N/A,ENABLED,44,711,1400,N/A,ENABLED,44,711,1400,N/A,ENABLED,44,711,1400,N/A,ENABLED,N/A,62,64,6,859,N/A,N/A,N/A,N/A,ENABLED,1923,500,2100,DISABLED,DISABLED,1917,500,2100,DISABLED,DISABLED,1940,500,2100,DISABLED,DISABLED,1927,500,2100,DISABLED,DISABLED,1931,500,2100,DISABLED,DISABLED,1914,500,2100,DISABLED,DISABLED,1930,500,2100,DISABLED,DISABLED,1926,500,2100,DISABLED,DISABLED,1500,900,1500,N/A,DISABLED,53,914,1680,N/A,ENABLED,53,914,1680,N/A,ENABLED,53,914,1680,N/A,ENABLED,53,914,1680,N/A,ENABLED,44,711,1400,N/A,ENABLED,44,711,1400,N/A,ENABLED,44,711,1400,N/A,ENABLED,44,711,1400,N/A,ENABLED,N/A,78,81,7,812,N/A,N/A,N/A,N/A,ENABLED,2029,500,2100,DISABLED,DISABLED,2026,500,2100,DISABLED,DISABLED,2039,500,2100,DISABLED,DISABLED,2035,500,2100,DISABLED,DISABLED,2035,500,2100,DISABLED,DISABLED,2024,500,2100,DISABLED,DISABLED,2040,500,2100,DISABLED,DISABLED,2030,500,2100,DISABLED,DISABLED,1499,900,1500,N/A,DISABLED,52,914,1680,N/A,ENABLED,52,914,1680,N/A,ENABLED,52,914,1680,N/A,ENABLED,52,914,1680,N/A,ENABLED,44,711,1400,N/A,ENABLED,44,711,1400,N/A,ENABLED,44,711,1400,N/A,ENABLED,44,711,1400,N/A,ENABLED,N/A,66,67
1743961103,0,836,N/A,N/A,N/A,N/A,ENABLED,1981,500,2100,DISABLED,DISABLED,1965,500,2100,DISABLED,DISABLED,1983,500,2100,DISABLED,DISABLED,1984,500,2100,DISABLED,DISABLED,1985,500,2100,DISABLED,DISABLED,1972,500,2100,DISABLED,DISABLED,1986,500,2100,DISABLED,DISABLED,1979,500,2100,DISABLED,DISABLED,1500,900,1500,N/A,DISABLED,53,914,1680,N/A,ENABLED,53,914,1680,N/A,ENABLED,53,914,1680,N/A,ENABLED,53,914,1680,N/A,ENABLED,44,711,1400,N/A,ENABLED,44,711,1400,N/A,ENABLED,44,711,1400,N/A,ENABLED,44,711,1400,N/A,ENABLED,N/A,76,78,1,790,N/A,N/A,N/A,N/A,ENABLED,2063,500,2100,DISABLED,DISABLED,2063,500,2100,DISABLED,DISABLED,2071,500,2100,DISABLED,DISABLED,2054,500,2100,DISABLED,DISABLED,2061,500,2100,DISABLED,DISABLED,2061,500,2100,DISABLED,DISABLED,2056,500,2100,DISABLED,DISABLED,2053,500,2100,DISABLED,DISABLED,1500,900,1500,N/A,DISABLED,53,914,1680,N/A,ENABLED,53,914,1680,N/A,ENABLED,53,914,1680,N/A,ENABLED,53,914,1680,N/A,ENABLED,44,711,1400,N/A,ENABLED,44,711,1400,N/A,ENABLED,44,711,1400,N/A,ENABLED,44,711,1400,N/A,ENABLED,N/A,61,63,2,800,N/A,N/A,N/A,N/A,ENABLED,2017,500,2100,DISABLED,DISABLED,2009,500,2100,DISABLED,DISABLED,2020,500,2100,DISABLED,DISABLED,2008,500,2100,DISABLED,DISABLED,2010,500,2100,DISABLED,DISABLED,1994,500,2100,DISABLED,DISABLED,2020,500,2100,DISABLED,DISABLED,2016,500,2100,DISABLED,DISABLED,1500,900,1500,N/A,DISABLED,53,914,1680,N/A,ENABLED,53,914,1680,N/A,ENABLED,53,914,1680,N/A,ENABLED,53,914,1680,N/A,ENABLED,44,711,1400,N/A,ENABLED,44,711,1400,N/A,ENABLED,44,711,1400,N/A,ENABLED,44,711,1400,N/A,ENABLED,N/A,62,66,3,846,N/A,N/A,N/A,N/A,ENABLED,1898,500,2100,DISABLED,DISABLED,1896,500,2100,DISABLED,DISABLED,1903,500,2100,DISABLED,DISABLED,1897,500,2100,DISABLED,DISABLED,1891,500,2100,DISABLED,DISABLED,1887,500,2100,DISABLED,DISABLED,1893,500,2100,DISABLED,DISABLED,1886,500,2100,DISABLED,DISABLED,1500,900,1500,N/A,DISABLED,53,914,1680,N/A,ENABLED,53,914,1680,N/A,ENABLED,53,914,1680,N/A,ENABLED,53,914,1680,N/A,ENABLED,44,711,1400,N/A,ENABLED,44,711,1400,N/A,ENABLED,44,711,1400,N/A,ENABLED,44,711,1400,N/A,ENABLED,N/A,82,80,4,839,N/A,N/A,N/A,N/A,ENABLED,2029,500,2100,DISABLED,DISABLED,2023,500,2100,DISABLED,DISABLED,2036,500,2100,DISABLED,DISABLED,2022,500,2100,DISABLED,DISABLED,2028,500,2100,DISABLED,DISABLED,2024,500,2100,DISABLED,DISABLED,2026,500,2100,DISABLED,DISABLED,2013,500,2100,DISABLED,DISABLED,1500,900,1500,N/A,DISABLED,53,914,1680,N/A,ENABLED,53,914,1680,N/A,ENABLED,53,914,1680,N/A,ENABLED,53,914,1680,N/A,ENABLED,44,711,1400,N/A,ENABLED,44,711,1400,N/A,ENABLED,44,711,1400,N/A,ENABLED,44,711,1400,N/A,ENABLED,N/A,77,79,5,807,N/A,N/A,N/A,N/A,ENABLED,2054,500,2100,DISABLED,DISABLED,2051,500,2100,DISABLED,DISABLED,2053,500,2100,DISABLED,DISABLED,2049,500,2100,DISABLED,DISABLED,2061,500,2100,DISABLED,DISABLED,2046,500,2100,DISABLED,DISABLED,2061,500,2100,DISABLED,DISABLED,2048,500,2100,DISABLED,DISABLED,1500,900,1500,N/A,DISABLED,53,914,1680,N/A,ENABLED,53,914,1680,N/A,ENABLED,53,914,1680,N/A,ENABLED,53,914,1680,N/A,ENABLED,44,711,1400,N/A,ENABLED,44,711,1400,N/A,ENABLED,44,711,1400,N/A,ENABLED,44,711,1400,N/A,ENABLED,N/A,62,64,6,863,N/A,N/A,N/A,N/A,ENABLED,1920,500,2100,DISABLED,DISABLED,1914,500,2100,DISABLED,DISABLED,1938,500,2100,DISABLED,DISABLED,1925,500,2100,DISABLED,DISABLED,1928,500,2100,DISABLED,DISABLED,1912,500,2100,DISABLED,DISABLED,1927,500,2100,DISABLED,DISABLED,1923,500,2100,DISABLED,DISABLED,1500,900,1500,N/A,DISABLED,53,914,1680,N/A,ENABLED,53,914,1680,N/A,ENABLED,53,914,1680,N/A,ENABLED,53,914,1680,N/A,ENABLED,44,711,1400,N/A,ENABLED,44,711,1400,N/A,ENABLED,44,711,1400,N/A,ENABLED,44,711,1400,N/A,ENABLED,N/A,78,81,7,813,N/A,N/A,N/A,N/A,ENABLED,2029,500,2100,DISABLED,DISABLED,2026,500,2100,DISABLED,DISABLED,2038,500,2100,DISABLED,DISABLED,2035,500,2100,DISABLED,DISABLED,2036,500,2100,DISABLED,DISABLED,2024,500,2100,DISABLED,DISABLED,2041,500,2100,DISABLED,DISABLED,2030,500,2100,DISABLED,DISABLED,1500,900,1500,N/A,DISABLED,53,914,1680,N/A,ENABLED,53,914,1680,N/A,ENABLED,53,914,1680,N/A,ENABLED,53,914,1680,N/A,ENABLED,44,711,1400,N/A,ENABLED,44,711,1400,N/A,ENABLED,44,711,1400,N/A,ENABLED,44,711,1400,N/A,ENABLED,N/A,66,67
1743961104,0,839,N/A,N/A,N/A,N/A,ENABLED,1984,500,2100,DISABLED,DISABLED,1969,500,2100,DISABLED,DISABLED,1985,500,2100,DISABLED,DISABLED,1987,500,2100,DISABLED,DISABLED,1988,500,2100,DISABLED,DISABLED,1975,500,2100,DISABLED,DISABLED,1990,500,2100,DISABLED,DISABLED,1983,500,2100,DISABLED,DISABLED,1500,900,1500,N/A,DISABLED,53,914,1680,N/A,ENABLED,53,914,1680,N/A,ENABLED,53,914,1680,N/A,ENABLED,53,914,1680,N/A,ENABLED,44,711,1400,N/A,ENABLED,44,711,1400,N/A,ENABLED,44,711,1400,N/A,ENABLED,44,711,1400,N/A,ENABLED,N/A,76,78,1,791,N/A,N/A,N/A,N/A,ENABLED,2063,500,2100,DISABLED,DISABLED,2063,500,2100,DISABLED,DISABLED,2072,500,2100,DISABLED,DISABLED,2055,500,2100,DISABLED,DISABLED,2062,500,2100,DISABLED,DISABLED,2061,500,2100,DISABLED,DISABLED,2056,500,2100,DISABLED,DISABLED,2053,500,2100,DISABLED,DISABLED,1500,900,1500,N/A,DISABLED,53,914,1680,N/A,ENABLED,53,914,1680,N/A,ENABLED,53,914,1680,N/A,ENABLED,53,914,1680,N/A,ENABLED,44,711,1400,N/A,ENABLED,44,711,1400,N/A,ENABLED,44,711,1400,N/A,ENABLED,44,711,1400,N/A,ENABLED,N/A,61,63,2,805,N/A,N/A,N/A,N/A,ENABLED,2021,500,2100,DISABLED,DISABLED,2012,500,2100,DISABLED,DISABLED,2023,500,2100,DISABLED,DISABLED,2011,500,2100,DISABLED,DISABLED,2014,500,2100,DISABLED,DISABLED,1998,500,2100,DISABLED,DISABLED,2024,500,2100,DISABLED,DISABLED,2020,500,2100,DISABLED,DISABLED,1500,900,1500,N/A,DISABLED,53,914,1680,N/A,ENABLED,53,914,1680,N/A,ENABLED,53,914,1680,N/A,ENABLED,53,914,1680,N/A,ENABLED,44,711,1400,N/A,ENABLED,44,711,1400,N/A,ENABLED,44,711,1400,N/A,ENABLED,44,711,1400,N/A,ENABLED,N/A,62,67,3,846,N/A,N/A,N/A,N/A,ENABLED,1902,500,2100,DISABLED,DISABLED,1899,500,2100,DISABLED,DISABLED,1906,500,2100,DISABLED,DISABLED,1900,500,2100,DISABLED,DISABLED,1894,500,2100,DISABLED,DISABLED,1890,500,2100,DISABLED,DISABLED,1897,500,2100,DISABLED,DISABLED,1890,500,2100,DISABLED,DISABLED,1500,900,1500,N/A,DISABLED,53,914,1680,N/A,ENABLED,53,914,1680,N/A,ENABLED,53,914,1680,N/A,ENABLED,53,914,1680,N/A,ENABLED,44,711,1400,N/A,ENABLED,44,711,1400,N/A,ENABLED,44,711,1400,N/A,ENABLED,44,711,1400,N/A,ENABLED,N/A,82,80,4,841,N/A,N/A,N/A,N/A,ENABLED,2028,500,2100,DISABLED,DISABLED,2022,500,2100,DISABLED,DISABLED,2035,500,2100,DISABLED,DISABLED,2022,500,2100,DISABLED,DISABLED,2027,500,2100,DISABLED,DISABLED,2024,500,2100,DISABLED,DISABLED,2025,500,2100,DISABLED,DISABLED,2013,500,2100,DISABLED,DISABLED,1500,900,1500,N/A,DISABLED,53,914,1680,N/A,ENABLED,53,914,1680,N/A,ENABLED,53,914,1680,N/A,ENABLED,53,914,1680,N/A,ENABLED,44,711,1400,N/A,ENABLED,44,711,1400,N/A,ENABLED,44,711,1400,N/A,ENABLED,44,711,1400,N/A,ENABLED,N/A,77,79,5,813,N/A,N/A,N/A,N/A,ENABLED,2054,500,2100,DISABLED,DISABLED,2050,500,2100,DISABLED,DISABLED,2053,500,2100,DISABLED,DISABLED,2049,500,2100,DISABLED,DISABLED,2062,500,2100,DISABLED,DISABLED,2047,500,2100,DISABLED,DISABLED,2063,500,2100,DISABLED,DISABLED,2049,500,2100,DISABLED,DISABLED,1500,900,1500,N/A,DISABLED,53,914,1680,N/A,ENABLED,53,914,1680,N/A,ENABLED,53,914,1680,N/A,ENABLED,53,914,1680,N/A,ENABLED,44,711,1400,N/A,ENABLED,44,711,1400,N/A,ENABLED,44,711,1400,N/A,ENABLED,44,711,1400,N/A,ENABLED,N/A,61,64,6,860,N/A,N/A,N/A,N/A,ENABLED,1922,500,2100,DISABLED,DISABLED,1917,500,2100,DISABLED,DISABLED,1939,500,2100,DISABLED,DISABLED,1928,500,2100,DISABLED,DISABLED,1931,500,2100,DISABLED,DISABLED,1914,500,2100,DISABLED,DISABLED,1930,500,2100,DISABLED,DISABLED,1925,500,2100,DISABLED,DISABLED,1500,900,1500,N/A,DISABLED,53,914,1680,N/A,ENABLED,53,914,1680,N/A,ENABLED,53,914,1680,N/A,ENABLED,53,914,1680,N/A,ENABLED,44,711,1400,N/A,ENABLED,44,711,1400,N/A,ENABLED,44,711,1400,N/A,ENABLED,44,711,1400,N/A,ENABLED,N/A,78,81,7,815,N/A,N/A,N/A,N/A,ENABLED,2028,500,2100,DISABLED,DISABLED,2025,500,2100,DISABLED,DISABLED,2038,500,2100,DISABLED,DISABLED,2035,500,2100,DISABLED,DISABLED,2034,500,2100,DISABLED,DISABLED,2023,500,2100,DISABLED,DISABLED,2041,500,2100,DISABLED,DISABLED,2030,500,2100,DISABLED,DISABLED,1500,900,1500,N/A,DISABLED,53,914,1680,N/A,ENABLED,53,914,1680,N/A,ENABLED,53,914,1680,N/A,ENABLED,53,914,1680,N/A,ENABLED,44,711,1400,N/A,ENABLED,44,711,1400,N/A,ENABLED,44,711,1400,N/A,ENABLED,44,711,1400,N/A,ENABLED,N/A,66,67
1743961105,0,834,N/A,N/A,N/A,N/A,ENABLED,1984,500,2100,DISABLED,DISABLED,1969,500,2100,DISABLED,DISABLED,1984,500,2100,DISABLED,DISABLED,1986,500,2100,DISABLED,DISABLED,1987,500,2100,DISABLED,DISABLED,1974,500,2100,DISABLED,DISABLED,1989,500,2100,DISABLED,DISABLED,1982,500,2100,DISABLED,DISABLED,1500,900,1500,N/A,DISABLED,53,914,1680,N/A,ENABLED,53,914,1680,N/A,ENABLED,53,914,1680,N/A,ENABLED,53,914,1680,N/A,ENABLED,44,711,1400,N/A,ENABLED,44,711,1400,N/A,ENABLED,44,711,1400,N/A,ENABLED,44,711,1400,N/A,ENABLED,N/A,75,78,1,793,N/A,N/A,N/A,N/A,ENABLED,2061,500,2100,DISABLED,DISABLED,2061,500,2100,DISABLED,DISABLED,2071,500,2100,DISABLED,DISABLED,2054,500,2100,DISABLED,DISABLED,2060,500,2100,DISABLED,DISABLED,2060,500,2100,DISABLED,DISABLED,2055,500,2100,DISABLED,DISABLED,2051,500,2100,DISABLED,DISABLED,1500,900,1500,N/A,DISABLED,53,914,1680,N/A,ENABLED,53,914,1680,N/A,ENABLED,53,914,1680,N/A,ENABLED,53,914,1680,N/A,ENABLED,44,711,1400,N/A,ENABLED,44,711,1400,N/A,ENABLED,44,711,1400,N/A,ENABLED,44,711,1400,N/A,ENABLED,N/A,61,63,2,802,N/A,N/A,N/A,N/A,ENABLED,2016,500,2100,DISABLED,DISABLED,2009,500,2100,DISABLED,DISABLED,2020,500,2100,DISABLED,DISABLED,2008,500,2100,DISABLED,DISABLED,2010,500,2100,DISABLED,DISABLED,1994,500,2100,DISABLED,DISABLED,2019,500,2100,DISABLED,DISABLED,2015,500,2100,DISABLED,DISABLED,1500,900,1500,N/A,DISABLED,53,914,1680,N/A,ENABLED,53,914,1680,N/A,ENABLED,53,914,1680,N/A,ENABLED,53,914,1680,N/A,ENABLED,44,711,1400,N/A,ENABLED,44,711,1400,N/A,ENABLED,44,711,1400,N/A,ENABLED,44,711,1400,N/A,ENABLED,N/A,62,66,3,850,N/A,N/A,N/A,N/A,ENABLED,1898,500,2100,DISABLED,DISABLED,1896,500,2100,DISABLED,DISABLED,1903,500,2100,DISABLED,DISABLED,1896,500,2100,DISABLED,DISABLED,1891,500,2100,DISABLED,DISABLED,1887,500,2100,DISABLED,DISABLED,1893,500,2100,DISABLED,DISABLED,1886,500,2100,DISABLED,DISABLED,1500,900,1500,N/A,DISABLED,53,914,1680,N/A,ENABLED,53,914,1680,N/A,ENABLED,53,914,1680,N/A,ENABLED,53,914,1680,N/A,ENABLED,44,711,1400,N/A,ENABLED,44,711,1400,N/A,ENABLED,44,711,1400,N/A,ENABLED,44,711,1400,N/A,ENABLED,N/A,82,80,4,838,N/A,N/A,N/A,N/A,ENABLED,2029,500,2100,DISABLED,DISABLED,2022,500,2100,DISABLED,DISABLED,2037,500,2100,DISABLED,DISABLED,2023,500,2100,DISABLED,DISABLED,2028,500,2100,DISABLED,DISABLED,2025,500,2100,DISABLED,DISABLED,2026,500,2100,DISABLED,DISABLED,2014,500,2100,DISABLED,DISABLED,1500,900,1500,N/A,DISABLED,53,914,1680,N/A,ENABLED,53,914,1680,N/A,ENABLED,53,914,1680,N/A,ENABLED,53,914,1680,N/A,ENABLED,44,711,1400,N/A,ENABLED,44,711,1400,N/A,ENABLED,44,711,1400,N/A,ENABLED,44,711,1400,N/A,ENABLED,N/A,77,79,5,822,N/A,N/A,N/A,N/A,ENABLED,2055,500,2100,DISABLED,DISABLED,2051,500,2100,DISABLED,DISABLED,2055,500,2100,DISABLED,DISABLED,2051,500,2100,DISABLED,DISABLED,2062,500,2100,DISABLED,DISABLED,2047,500,2100,DISABLED,DISABLED,2063,500,2100,DISABLED,DISABLED,2050,500,2100,DISABLED,DISABLED,1500,900,1500,N/A,DISABLED,53,914,1680,N/A,ENABLED,53,914,1680,N/A,ENABLED,53,914,1680,N/A,ENABLED,53,914,1680,N/A,ENABLED,44,711,1400,N/A,ENABLED,44,711,1400,N/A,ENABLED,44,711,1400,N/A,ENABLED,44,711,1400,N/A,ENABLED,N/A,61,64,6,859,N/A,N/A,N/A,N/A,ENABLED,1925,500,2100,DISABLED,DISABLED,1919,500,2100,DISABLED,DISABLED,1942,500,2100,DISABLED,DISABLED,1929,500,2100,DISABLED,DISABLED,1932,500,2100,DISABLED,DISABLED,1917,500,2100,DISABLED,DISABLED,1932,500,2100,DISABLED,DISABLED,1928,500,2100,DISABLED,DISABLED,1500,900,1500,N/A,DISABLED,53,914,1680,N/A,ENABLED,53,914,1680,N/A,ENABLED,53,914,1680,N/A,ENABLED,53,914,1680,N/A,ENABLED,44,711,1400,N/A,ENABLED,44,711,1400,N/A,ENABLED,44,711,1400,N/A,ENABLED,44,711,1400,N/A,ENABLED,N/A,78,81,7,812,N/A,N/A,N/A,N/A,ENABLED,2029,500,2100,DISABLED,DISABLED,2026,500,2100,DISABLED,DISABLED,2039,500,2100,DISABLED,DISABLED,2036,500,2100,DISABLED,DISABLED,2036,500,2100,DISABLED,DISABLED,2024,500,2100,DISABLED,DISABLED,2041,500,2100,DISABLED,DISABLED,2030,500,2100,DISABLED,DISABLED,1500,900,1500,N/A,DISABLED,53,914,1680,N/A,ENABLED,53,914,1680,N/A,ENABLED,53,914,1680,N/A,ENABLED,53,914,1680,N/A,ENABLED,44,711,1400,N/A,ENABLED,44,711,1400,N/A,ENABLED,44,711,1400,N/A,ENABLED,44,711,1400,N/A,ENABLED,N/A,66,66
1743961107,0,837,N/A,N/A,N/A,N/A,ENABLED,1988,500,2100,DISABLED,DISABLED,1972,500,2100,DISABLED,DISABLED,1988,500,2100,DISABLED,DISABLED,1989,500,2100,DISABLED,DISABLED,1991,500,2100,DISABLED,DISABLED,1978,500,2100,DISABLED,DISABLED,1992,500,2100,DISABLED,DISABLED,1986,500,2100,DISABLED,DISABLED,1499,900,1500,N/A,DISABLED,52,914,1680,N/A,ENABLED,52,914,1680,N/A,ENABLED,52,914,1680,N/A,ENABLED,52,914,1680,N/A,ENABLED,44,711,1400,N/A,ENABLED,44,711,1400,N/A,ENABLED,44,711,1400,N/A,ENABLED,44,711,1400,N/A,ENABLED,N/A,75,78,1,788,N/A,N/A,N/A,N/A,ENABLED,2060,500,2100,DISABLED,DISABLED,2060,500,2100,DISABLED,DISABLED,2069,500,2100,DISABLED,DISABLED,2053,500,2100,DISABLED,DISABLED,2059,500,2100,DISABLED,DISABLED,2059,500,2100,DISABLED,DISABLED,2053,500,2100,DISABLED,DISABLED,2049,500,2100,DISABLED,DISABLED,1499,900,1500,N/A,DISABLED,52,914,1680,N/A,ENABLED,52,914,1680,N/A,ENABLED,52,914,1680,N/A,ENABLED,52,914,1680,N/A,ENABLED,44,711,1400,N/A,ENABLED,44,711,1400,N/A,ENABLED,44,711,1400,N/A,ENABLED,44,711,1400,N/A,ENABLED,N/A,61,63,2,800,N/A,N/A,N/A,N/A,ENABLED,2014,500,2100,DISABLED,DISABLED,2006,500,2100,DISABLED,DISABLED,2017,500,2100,DISABLED,DISABLED,2004,500,2100,DISABLED,DISABLED,2007,500,2100,DISABLED,DISABLED,1991,500,2100,DISABLED,DISABLED,2017,500,2100,DISABLED,DISABLED,2013,500,2100,DISABLED,DISABLED,1498,900,1500,N/A,DISABLED,52,914,1680,N/A,ENABLED,52,914,1680,N/A,ENABLED,52,914,1680,N/A,ENABLED,52,914,1680,N/A,ENABLED,44,711,1400,N/A,ENABLED,44,711,1400,N/A,ENABLED,44,711,1400,N/A,ENABLED,44,711,1400,N/A,ENABLED,N/A,62,66,3,844,N/A,N/A,N/A,N/A,ENABLED,1896,500,2100,DISABLED,DISABLED,1893,500,2100,DISABLED,DISABLED,1900,500,2100,DISABLED,DISABLED,1894,500,2100,DISABLED,DISABLED,1888,500,2100,DISABLED,DISABLED,1885,500,2100,DISABLED,DISABLED,1891,500,2100,DISABLED,DISABLED,1885,500,2100,DISABLED,DISABLED,1499,900,1500,N/A,DISABLED,52,914,1680,N/A,ENABLED,52,914,1680,N/A,ENABLED,52,914,1680,N/A,ENABLED,52,914,1680,N/A,ENABLED,44,711,1400,N/A,ENABLED,44,711,1400,N/A,ENABLED,44,711,1400,N/A,ENABLED,44,711,1400,N/A,ENABLED,N/A,82,80,4,833,N/A,N/A,N/A,N/A,ENABLED,2024,500,2100,DISABLED,DISABLED,2018,500,2100,DISABLED,DISABLED,2033,500,2100,DISABLED,DISABLED,2019,500,2100,DISABLED,DISABLED,2024,500,2100,DISABLED,DISABLED,2021,500,2100,DISABLED,DISABLED,2022,500,2100,DISABLED,DISABLED,2010,500,2100,DISABLED,DISABLED,1498,900,1500,N/A,DISABLED,52,914,1680,N/A,ENABLED,52,914,1680,N/A,ENABLED,52,914,1680,N/A,ENABLED,52,914,1680,N/A,ENABLED,44,711,1400,N/A,ENABLED,44,711,1400,N/A,ENABLED,44,711,1400,N/A,ENABLED,44,711,1400,N/A,ENABLED,N/A,77,79,5,812,N/A,N/A,N/A,N/A,ENABLED,2049,500,2100,DISABLED,DISABLED,2045,500,2100,DISABLED,DISABLED,2048,500,2100,DISABLED,DISABLED,2044,500,2100,DISABLED,DISABLED,2055,500,2100,DISABLED,DISABLED,2041,500,2100,DISABLED,DISABLED,2055,500,2100,DISABLED,DISABLED,2043,500,2100,DISABLED,DISABLED,1500,900,1500,N/A,DISABLED,53,914,1680,N/A,ENABLED,53,914,1680,N/A,ENABLED,53,914,1680,N/A,ENABLED,53,914,1680,N/A,ENABLED,44,711,1400,N/A,ENABLED,44,711,1400,N/A,ENABLED,44,711,1400,N/A,ENABLED,44,711,1400,N/A,ENABLED,N/A,61,64,6,854,N/A,N/A,N/A,N/A,ENABLED,1915,500,2100,DISABLED,DISABLED,1910,500,2100,DISABLED,DISABLED,1932,500,2100,DISABLED,DISABLED,1920,500,2100,DISABLED,DISABLED,1923,500,2100,DISABLED,DISABLED,1907,500,2100,DISABLED,DISABLED,1922,500,2100,DISABLED,DISABLED,1917,500,2100,DISABLED,DISABLED,1499,900,1500,N/A,DISABLED,52,914,1680,N/A,ENABLED,52,914,1680,N/A,ENABLED,52,914,1680,N/A,ENABLED,52,914,1680,N/A,ENABLED,44,711,1400,N/A,ENABLED,44,711,1400,N/A,ENABLED,44,711,1400,N/A,ENABLED,44,711,1400,N/A,ENABLED,N/A,78,80,7,807,N/A,N/A,N/A,N/A,ENABLED,2024,500,2100,DISABLED,DISABLED,2021,500,2100,DISABLED,DISABLED,2033,500,2100,DISABLED,DISABLED,2030,500,2100,DISABLED,DISABLED,2030,500,2100,DISABLED,DISABLED,2019,500,2100,DISABLED,DISABLED,2036,500,2100,DISABLED,DISABLED,2025,500,2100,DISABLED,DISABLED,1498,900,1500,N/A,DISABLED,52,914,1680,N/A,ENABLED,52,914,1680,N/A,ENABLED,52,914,1680,N/A,ENABLED,52,914,1680,N/A,ENABLED,44,711,1400,N/A,ENABLED,44,711,1400,N/A,ENABLED,44,711,1400,N/A,ENABLED,44,711,1400,N/A,ENABLED,N/A,66,66
1743961108,0,842,N/A,N/A,N/A,N/A,ENABLED,1990,500,2100,DISABLED,DISABLED,1975,500,2100,DISABLED,DISABLED,1990,500,2100,DISABLED,DISABLED,1991,500,2100,DISABLED,DISABLED,1993,500,2100,DISABLED,DISABLED,1980,500,2100,DISABLED,DISABLED,1994,500,2100,DISABLED,DISABLED,1988,500,2100,DISABLED,DISABLED,1500,900,1500,N/A,DISABLED,53,914,1680,N/A,ENABLED,53,914,1680,N/A,ENABLED,53,914,1680,N/A,ENABLED,53,914,1680,N/A,ENABLED,44,711,1400,N/A,ENABLED,44,711,1400,N/A,ENABLED,44,711,1400,N/A,ENABLED,44,711,1400,N/A,ENABLED,N/A,75,78,1,794,N/A,N/A,N/A,N/A,ENABLED,2058,500,2100,DISABLED,DISABLED,2058,500,2100,DISABLED,DISABLED,2066,500,2100,DISABLED,DISABLED,2051,500,2100,DISABLED,DISABLED,2057,500,2100,DISABLED,DISABLED,2057,500,2100,DISABLED,DISABLED,2051,500,2100,DISABLED,DISABLED,2048,500,2100,DISABLED,DISABLED,1500,900,1500,N/A,DISABLED,53,914,1680,N/A,ENABLED,53,914,1680,N/A,ENABLED,53,914,1680,N/A,ENABLED,53,914,1680,N/A,ENABLED,44,711,1400,N/A,ENABLED,44,711,1400,N/A,ENABLED,44,711,1400,N/A,ENABLED,44,711,1400,N/A,ENABLED,N/A,61,63,2,800,N/A,N/A,N/A,N/A,ENABLED,2016,500,2100,DISABLED,DISABLED,2007,500,2100,DISABLED,DISABLED,2019,500,2100,DISABLED,DISABLED,2006,500,2100,DISABLED,DISABLED,2009,500,2100,DISABLED,DISABLED,1994,500,2100,DISABLED,DISABLED,2019,500,2100,DISABLED,DISABLED,2014,500,2100,DISABLED,DISABLED,1500,900,1500,N/A,DISABLED,53,914,1680,N/A,ENABLED,53,914,1680,N/A,ENABLED,53,914,1680,N/A,ENABLED,53,914,1680,N/A,ENABLED,44,711,1400,N/A,ENABLED,44,711,1400,N/A,ENABLED,44,711,1400,N/A,ENABLED,44,711,1400,N/A,ENABLED,N/A,62,66,3,843,N/A,N/A,N/A,N/A,ENABLED,1890,500,2100,DISABLED,DISABLED,1887,500,2100,DISABLED,DISABLED,1895,500,2100,DISABLED,DISABLED,1889,500,2100,DISABLED,DISABLED,1883,500,2100,DISABLED,DISABLED,1878,500,2100,DISABLED,DISABLED,1885,500,2100,DISABLED,DISABLED,1879,500,2100,DISABLED,DISABLED,1500,900,1500,N/A,DISABLED,53,914,1680,N/A,ENABLED,53,914,1680,N/A,ENABLED,53,914,1680,N/A,ENABLED,53,914,1680,N/A,ENABLED,44,711,1400,N/A,ENABLED,44,711,1400,N/A,ENABLED,44,711,1400,N/A,ENABLED,44,711,1400,N/A,ENABLED,N/A,82,80,4,838,N/A,N/A,N/A,N/A,ENABLED,2023,500,2100,DISABLED,DISABLED,2018,500,2100,DISABLED,DISABLED,2031,500,2100,DISABLED,DISABLED,2017,500,2100,DISABLED,DISABLED,2022,500,2100,DISABLED,DISABLED,2019,500,2100,DISABLED,DISABLED,2020,500,2100,DISABLED,DISABLED,2008,500,2100,DISABLED,DISABLED,1500,900,1500,N/A,DISABLED,53,914,1680,N/A,ENABLED,53,914,1680,N/A,ENABLED,53,914,1680,N/A,ENABLED,53,914,1680,N/A,ENABLED,44,711,1400,N/A,ENABLED,44,711,1400,N/A,ENABLED,44,711,1400,N/A,ENABLED,44,711,1400,N/A,ENABLED,N/A,76,79,5,809,N/A,N/A,N/A,N/A,ENABLED,2049,500,2100,DISABLED,DISABLED,2045,500,2100,DISABLED,DISABLED,2048,500,2100,DISABLED,DISABLED,2044,500,2100,DISABLED,DISABLED,2056,500,2100,DISABLED,DISABLED,2042,500,2100,DISABLED,DISABLED,2055,500,2100,DISABLED,DISABLED,2043,500,2100,DISABLED,DISABLED,1500,900,1500,N/A,DISABLED,53,914,1680,N/A,ENABLED,53,914,1680,N/A,ENABLED,53,914,1680,N/A,ENABLED,53,914,1680,N/A,ENABLED,44,711,1400,N/A,ENABLED,44,711,1400,N/A,ENABLED,44,711,1400,N/A,ENABLED,44,711,1400,N/A,ENABLED,N/A,61,64,6,855,N/A,N/A,N/A,N/A,ENABLED,1913,500,2100,DISABLED,DISABLED,1908,500,2100,DISABLED,DISABLED,1930,500,2100,DISABLED,DISABLED,1919,500,2100,DISABLED,DISABLED,1921,500,2100,DISABLED,DISABLED,1905,500,2100,DISABLED,DISABLED,1921,500,2100,DISABLED,DISABLED,1916,500,2100,DISABLED,DISABLED,1500,900,1500,N/A,DISABLED,53,914,1680,N/A,ENABLED,53,914,1680,N/A,ENABLED,53,914,1680,N/A,ENABLED,53,914,1680,N/A,ENABLED,44,711,1400,N/A,ENABLED,44,711,1400,N/A,ENABLED,44,711,1400,N/A,ENABLED,44,711,1400,N/A,ENABLED,N/A,78,81,7,813,N/A,N/A,N/A,N/A,ENABLED,2028,500,2100,DISABLED,DISABLED,2024,500,2100,DISABLED,DISABLED,2035,500,2100,DISABLED,DISABLED,2032,500,2100,DISABLED,DISABLED,2033,500,2100,DISABLED,DISABLED,2022,500,2100,DISABLED,DISABLED,2039,500,2100,DISABLED,DISABLED,2028,500,2100,DISABLED,DISABLED,1500,900,1500,N/A,DISABLED,53,914,1680,N/A,ENABLED,53,914,1680,N/A,ENABLED,53,914,1680,N/A,ENABLED,53,914,1680,N/A,ENABLED,44,711,1400,N/A,ENABLED,44,711,1400,N/A,ENABLED,44,711,1400,N/A,ENABLED,44,711,1400,N/A,ENABLED,N/A,66,66
1743961109,0,842,N/A,N/A,N/A,N/A,ENABLED,1989,500,2100,DISABLED,DISABLED,1974,500,2100,DISABLED,DISABLED,1989,500,2100,DISABLED,DISABLED,1991,500,2100,DISABLED,DISABLED,1993,500,2100,DISABLED,DISABLED,1980,500,2100,DISABLED,DISABLED,1993,500,2100,DISABLED,DISABLED,1987,500,2100,DISABLED,DISABLED,1500,900,1500,N/A,DISABLED,53,914,1680,N/A,ENABLED,53,914,1680,N/A,ENABLED,53,914,1680,N/A,ENABLED,53,914,1680,N/A,ENABLED,44,711,1400,N/A,ENABLED,44,711,1400,N/A,ENABLED,44,711,1400,N/A,ENABLED,44,711,1400,N/A,ENABLED,N/A,75,78,1,789,N/A,N/A,N/A,N/A,ENABLED,2056,500,2100,DISABLED,DISABLED,2056,500,2100,DISABLED,DISABLED,2065,500,2100,DISABLED,DISABLED,2049,500,2100,DISABLED,DISABLED,2055,500,2100,DISABLED,DISABLED,2055,500,2100,DISABLED,DISABLED,2049,500,2100,DISABLED,DISABLED,2046,500,2100,DISABLED,DISABLED,1500,900,1500,N/A,DISABLED,53,914,1680,N/A,ENABLED,53,914,1680,N/A,ENABLED,53,914,1680,N/A,ENABLED,53,914,1680,N/A,ENABLED,44,711,1400,N/A,ENABLED,44,711,1400,N/A,ENABLED,44,711,1400,N/A,ENABLED,44,711,1400,N/A,ENABLED,N/A,61,63,2,800,N/A,N/A,N/A,N/A,ENABLED,2012,500,2100,DISABLED,DISABLED,2003,500,2100,DISABLED,DISABLED,2015,500,2100,DISABLED,DISABLED,2002,500,2100,DISABLED,DISABLED,2004,500,2100,DISABLED,DISABLED,1989,500,2100,DISABLED,DISABLED,2015,500,2100,DISABLED,DISABLED,2011,500,2100,DISABLED,DISABLED,1500,900,1500,N/A,DISABLED,53,914,1680,N/A,ENABLED,53,914,1680,N/A,ENABLED,53,914,1680,N/A,ENABLED,53,914,1680,N/A,ENABLED,44,711,1400,N/A,ENABLED,44,711,1400,N/A,ENABLED,44,711,1400,N/A,ENABLED,44,711,1400,N/A,ENABLED,N/A,62,66,3,850,N/A,N/A,N/A,N/A,ENABLED,1890,500,2100,DISABLED,DISABLED,1888,500,2100,DISABLED,DISABLED,1895,500,2100,DISABLED,DISABLED,1888,500,2100,DISABLED,DISABLED,1883,500,2100,DISABLED,DISABLED,1879,500,2100,DISABLED,DISABLED,1884,500,2100,DISABLED,DISABLED,1879,500,2100,DISABLED,DISABLED,1500,900,1500,N/A,DISABLED,53,914,1680,N/A,ENABLED,53,914,1680,N/A,ENABLED,53,914,1680,N/A,ENABLED,53,914,1680,N/A,ENABLED,44,711,1400,N/A,ENABLED,44,711,1400,N/A,ENABLED,44,711,1400,N/A,ENABLED,44,711,1400,N/A,ENABLED,N/A,82,79,4,835,N/A,N/A,N/A,N/A,ENABLED,2023,500,2100,DISABLED,DISABLED,2018,500,2100,DISABLED,DISABLED,2031,500,2100,DISABLED,DISABLED,2017,500,2100,DISABLED,DISABLED,2023,500,2100,DISABLED,DISABLED,2020,500,2100,DISABLED,DISABLED,2021,500,2100,DISABLED,DISABLED,2009,500,2100,DISABLED,DISABLED,1500,900,1500,N/A,DISABLED,53,914,1680,N/A,ENABLED,53,914,1680,N/A,ENABLED,53,914,1680,N/A,ENABLED,53,914,1680,N/A,ENABLED,44,711,1400,N/A,ENABLED,44,711,1400,N/A,ENABLED,44,711,1400,N/A,ENABLED,44,711,1400,N/A,ENABLED,N/A,76,78,5,809,N/A,N/A,N/A,N/A,ENABLED,2048,500,2100,DISABLED,DISABLED,2044,500,2100,DISABLED,DISABLED,2046,500,2100,DISABLED,DISABLED,2043,500,2100,DISABLED,DISABLED,2055,500,2100,DISABLED,DISABLED,2040,500,2100,DISABLED,DISABLED,2056,500,2100,DISABLED,DISABLED,2043,500,2100,DISABLED,DISABLED,1500,900,1500,N/A,DISABLED,53,914,1680,N/A,ENABLED,53,914,1680,N/A,ENABLED,53,914,1680,N/A,ENABLED,53,914,1680,N/A,ENABLED,44,711,1400,N/A,ENABLED,44,711,1400,N/A,ENABLED,44,711,1400,N/A,ENABLED,44,711,1400,N/A,ENABLED,N/A,61,64,6,858,N/A,N/A,N/A,N/A,ENABLED,1913,500,2100,DISABLED,DISABLED,1908,500,2100,DISABLED,DISABLED,1929,500,2100,DISABLED,DISABLED,1918,500,2100,DISABLED,DISABLED,1921,500,2100,DISABLED,DISABLED,1904,500,2100,DISABLED,DISABLED,1921,500,2100,DISABLED,DISABLED,1916,500,2100,DISABLED,DISABLED,1500,900,1500,N/A,DISABLED,53,914,1680,N/A,ENABLED,53,914,1680,N/A,ENABLED,53,914,1680,N/A,ENABLED,53,914,1680,N/A,ENABLED,44,711,1400,N/A,ENABLED,44,711,1400,N/A,ENABLED,44,711,1400,N/A,ENABLED,44,711,1400,N/A,ENABLED,N/A,78,80,7,810,N/A,N/A,N/A,N/A,ENABLED,2025,500,2100,DISABLED,DISABLED,2020,500,2100,DISABLED,DISABLED,2034,500,2100,DISABLED,DISABLED,2030,500,2100,DISABLED,DISABLED,2030,500,2100,DISABLED,DISABLED,2019,500,2100,DISABLED,DISABLED,2036,500,2100,DISABLED,DISABLED,2025,500,2100,DISABLED,DISABLED,1500,900,1500,N/A,DISABLED,53,914,1680,N/A,ENABLED,53,914,1680,N/A,ENABLED,53,914,1680,N/A,ENABLED,53,914,1680,N/A,ENABLED,44,711,1400,N/A,ENABLED,44,711,1400,N/A,ENABLED,44,711,1400,N/A,ENABLED,44,711,1400,N/A,ENABLED,N/A,65,66
1743961110,0,838,N/A,N/A,N/A,N/A,ENABLED,1990,500,2100,DISABLED,DISABLED,1975,500,2100,DISABLED,DISABLED,1990,500,2100,DISABLED,DISABLED,1991,500,2100,DISABLED,DISABLED,1994,500,2100,DISABLED,DISABLED,1980,500,2100,DISABLED,DISABLED,1995,500,2100,DISABLED,DISABLED,1989,500,2100,DISABLED,DISABLED,1500,900,1500,N/A,DISABLED,53,914,1680,N/A,ENABLED,53,914,1680,N/A,ENABLED,53,914,1680,N/A,ENABLED,53,914,1680,N/A,ENABLED,44,711,1400,N/A,ENABLED,44,711,1400,N/A,ENABLED,44,711,1400,N/A,ENABLED,44,711,1400,N/A,ENABLED,N/A,75,77,1,788,N/A,N/A,N/A,N/A,ENABLED,2053,500,2100,DISABLED,DISABLED,2052,500,2100,DISABLED,DISABLED,2062,500,2100,DISABLED,DISABLED,2045,500,2100,DISABLED,DISABLED,2051,500,2100,DISABLED,DISABLED,2052,500,2100,DISABLED,DISABLED,2046,500,2100,DISABLED,DISABLED,2042,500,2100,DISABLED,DISABLED,1500,900,1500,N/A,DISABLED,53,914,1680,N/A,ENABLED,53,914,1680,N/A,ENABLED,53,914,1680,N/A,ENABLED,53,914,1680,N/A,ENABLED,44,711,1400,N/A,ENABLED,44,711,1400,N/A,ENABLED,44,711,1400,N/A,ENABLED,44,711,1400,N/A,ENABLED,N/A,61,63,2,803,N/A,N/A,N/A,N/A,ENABLED,2010,500,2100,DISABLED,DISABLED,2001,500,2100,DISABLED,DISABLED,2012,500,2100,DISABLED,DISABLED,1999,500,2100,DISABLED,DISABLED,2002,500,2100,DISABLED,DISABLED,1987,500,2100,DISABLED,DISABLED,2013,500,2100,DISABLED,DISABLED,2008,500,2100,DISABLED,DISABLED,1500,900,1500,N/A,DISABLED,53,914,1680,N/A,ENABLED,53,914,1680,N/A,ENABLED,53,914,1680,N/A,ENABLED,53,914,1680,N/A,ENABLED,44,711,1400,N/A,ENABLED,44,711,1400,N/A,ENABLED,44,711,1400,N/A,ENABLED,44,711,1400,N/A,ENABLED,N/A,62,66,3,853,N/A,N/A,N/A,N/A,ENABLED,1891,500,2100,DISABLED,DISABLED,1889,500,2100,DISABLED,DISABLED,1897,500,2100,DISABLED,DISABLED,1890,500,2100,DISABLED,DISABLED,1884,500,2100,DISABLED,DISABLED,1881,500,2100,DISABLED,DISABLED,1887,500,2100,DISABLED,DISABLED,1881,500,2100,DISABLED,DISABLED,1500,900,1500,N/A,DISABLED,53,914,1680,N/A,ENABLED,53,914,1680,N/A,ENABLED,53,914,1680,N/A,ENABLED,53,914,1680,N/A,ENABLED,44,711,1400,N/A,ENABLED,44,711,1400,N/A,ENABLED,44,711,1400,N/A,ENABLED,44,711,1400,N/A,ENABLED,N/A,82,80,4,835,N/A,N/A,N/A,N/A,ENABLED,2025,500,2100,DISABLED,DISABLED,2019,500,2100,DISABLED,DISABLED,2033,500,2100,DISABLED,DISABLED,2020,500,2100,DISABLED,DISABLED,2025,500,2100,DISABLED,DISABLED,2021,500,2100,DISABLED,DISABLED,2022,500,2100,DISABLED,DISABLED,2011,500,2100,DISABLED,DISABLED,1500,900,1500,N/A,DISABLED,53,914,1680,N/A,ENABLED,53,914,1680,N/A,ENABLED,53,914,1680,N/A,ENABLED,53,914,1680,N/A,ENABLED,44,711,1400,N/A,ENABLED,44,711,1400,N/A,ENABLED,44,711,1400,N/A,ENABLED,44,711,1400,N/A,ENABLED,N/A,76,78,5,810,N/A,N/A,N/A,N/A,ENABLED,2046,500,2100,DISABLED,DISABLED,2043,500,2100,DISABLED,DISABLED,2046,500,2100,DISABLED,DISABLED,2042,500,2100,DISABLED,DISABLED,2054,500,2100,DISABLED,DISABLED,2039,500,2100,DISABLED,DISABLED,2055,500,2100,DISABLED,DISABLED,2041,500,2100,DISABLED,DISABLED,1500,900,1500,N/A,DISABLED,53,914,1680,N/A,ENABLED,53,914,1680,N/A,ENABLED,53,914,1680,N/A,ENABLED,53,914,1680,N/A,ENABLED,44,711,1400,N/A,ENABLED,44,711,1400,N/A,ENABLED,44,711,1400,N/A,ENABLED,44,711,1400,N/A,ENABLED,N/A,61,63,6,862,N/A,N/A,N/A,N/A,ENABLED,1918,500,2100,DISABLED,DISABLED,1912,500,2100,DISABLED,DISABLED,1934,500,2100,DISABLED,DISABLED,1922,500,2100,DISABLED,DISABLED,1925,500,2100,DISABLED,DISABLED,1909,500,2100,DISABLED,DISABLED,1926,500,2100,DISABLED,DISABLED,1921,500,2100,DISABLED,DISABLED,1500,900,1500,N/A,DISABLED,53,914,1680,N/A,ENABLED,53,914,1680,N/A,ENABLED,53,914,1680,N/A,ENABLED,53,914,1680,N/A,ENABLED,44,711,1400,N/A,ENABLED,44,711,1400,N/A,ENABLED,44,711,1400,N/A,ENABLED,44,711,1400,N/A,ENABLED,N/A,77,81,7,815,N/A,N/A,N/A,N/A,ENABLED,2025,500,2100,DISABLED,DISABLED,2021,500,2100,DISABLED,DISABLED,2034,500,2100,DISABLED,DISABLED,2030,500,2100,DISABLED,DISABLED,2030,500,2100,DISABLED,DISABLED,2020,500,2100,DISABLED,DISABLED,2036,500,2100,DISABLED,DISABLED,2025,500,2100,DISABLED,DISABLED,1500,900,1500,N/A,DISABLED,53,914,1680,N/A,ENABLED,53,914,1680,N/A,ENABLED,53,914,1680,N/A,ENABLED,53,914,1680,N/A,ENABLED,44,711,1400,N/A,ENABLED,44,711,1400,N/A,ENABLED,44,711,1400,N/A,ENABLED,44,711,1400,N/A,ENABLED,N/A,65,66
1743961112,0,839,N/A,N/A,N/A,N/A,ENABLED,1981,500,2100,DISABLED,DISABLED,1966,500,2100,DISABLED,DISABLED,1982,500,2100,DISABLED,DISABLED,1983,500,2100,DISABLED,DISABLED,1985,500,2100,DISABLED,DISABLED,1972,500,2100,DISABLED,DISABLED,1986,500,2100,DISABLED,DISABLED,1979,500,2100,DISABLED,DISABLED,1500,900,1500,N/A,DISABLED,53,914,1680,N/A,ENABLED,53,914,1680,N/A,ENABLED,53,914,1680,N/A,ENABLED,53,914,1680,N/A,ENABLED,44,711,1400,N/A,ENABLED,44,711,1400,N/A,ENABLED,44,711,1400,N/A,ENABLED,44,711,1400,N/A,ENABLED,N/A,75,78,1,787,N/A,N/A,N/A,N/A,ENABLED,2047,500,2100,DISABLED,DISABLED,2047,500,2100,DISABLED,DISABLED,2056,500,2100,DISABLED,DISABLED,2040,500,2100,DISABLED,DISABLED,2044,500,2100,DISABLED,DISABLED,2046,500,2100,DISABLED,DISABLED,2041,500,2100,DISABLED,DISABLED,2038,500,2100,DISABLED,DISABLED,1496,900,1500,N/A,DISABLED,52,914,1680,N/A,ENABLED,52,914,1680,N/A,ENABLED,52,914,1680,N/A,ENABLED,52,914,1680,N/A,ENABLED,44,711,1400,N/A,ENABLED,44,711,1400,N/A,ENABLED,44,711,1400,N/A,ENABLED,44,711,1400,N/A,ENABLED,N/A,60,63,2,803,N/A,N/A,N/A,N/A,ENABLED,2013,500,2100,DISABLED,DISABLED,2005,500,2100,DISABLED,DISABLED,2016,500,2100,DISABLED,DISABLED,2004,500,2100,DISABLED,DISABLED,2005,500,2100,DISABLED,DISABLED,1991,500,2100,DISABLED,DISABLED,2016,500,2100,DISABLED,DISABLED,2013,500,2100,DISABLED,DISABLED,1500,900,1500,N/A,DISABLED,53,914,1680,N/A,ENABLED,53,914,1680,N/A,ENABLED,53,914,1680,N/A,ENABLED,53,914,1680,N/A,ENABLED,44,711,1400,N/A,ENABLED,44,711,1400,N/A,ENABLED,44,711,1400,N/A,ENABLED,44,711,1400,N/A,ENABLED,N/A,61,66,3,843,N/A,N/A,N/A,N/A,ENABLED,1890,500,2100,DISABLED,DISABLED,1888,500,2100,DISABLED,DISABLED,1896,500,2100,DISABLED,DISABLED,1890,500,2100,DISABLED,DISABLED,1883,500,2100,DISABLED,DISABLED,1880,500,2100,DISABLED,DISABLED,1886,500,2100,DISABLED,DISABLED,1880,500,2100,DISABLED,DISABLED,1500,900,1500,N/A,DISABLED,53,914,1680,N/A,ENABLED,53,914,1680,N/A,ENABLED,53,914,1680,N/A,ENABLED,53,914,1680,N/A,ENABLED,44,711,1400,N/A,ENABLED,44,711,1400,N/A,ENABLED,44,711,1400,N/A,ENABLED,44,711,1400,N/A,ENABLED,N/A,81,79,4,839,N/A,N/A,N/A,N/A,ENABLED,2024,500,2100,DISABLED,DISABLED,2017,500,2100,DISABLED,DISABLED,2031,500,2100,DISABLED,DISABLED,2018,500,2100,DISABLED,DISABLED,2022,500,2100,DISABLED,DISABLED,2019,500,2100,DISABLED,DISABLED,2021,500,2100,DISABLED,DISABLED,2009,500,2100,DISABLED,DISABLED,1500,900,1500,N/A,DISABLED,53,914,1680,N/A,ENABLED,53,914,1680,N/A,ENABLED,53,914,1680,N/A,ENABLED,53,914,1680,N/A,ENABLED,44,711,1400,N/A,ENABLED,44,711,1400,N/A,ENABLED,44,711,1400,N/A,ENABLED,44,711,1400,N/A,ENABLED,N/A,76,78,5,812,N/A,N/A,N/A,N/A,ENABLED,2046,500,2100,DISABLED,DISABLED,2043,500,2100,DISABLED,DISABLED,2046,500,2100,DISABLED,DISABLED,2042,500,2100,DISABLED,DISABLED,2053,500,2100,DISABLED,DISABLED,2038,500,2100,DISABLED,DISABLED,2054,500,2100,DISABLED,DISABLED,2040,500,2100,DISABLED,DISABLED,1500,900,1500,N/A,DISABLED,53,914,1680,N/A,ENABLED,53,914,1680,N/A,ENABLED,53,914,1680,N/A,ENABLED,53,914,1680,N/A,ENABLED,44,711,1400,N/A,ENABLED,44,711,1400,N/A,ENABLED,44,711,1400,N/A,ENABLED,44,711,1400,N/A,ENABLED,N/A,61,63,6,856,N/A,N/A,N/A,N/A,ENABLED,1923,500,2100,DISABLED,DISABLED,1916,500,2100,DISABLED,DISABLED,1939,500,2100,DISABLED,DISABLED,1927,500,2100,DISABLED,DISABLED,1930,500,2100,DISABLED,DISABLED,1914,500,2100,DISABLED,DISABLED,1930,500,2100,DISABLED,DISABLED,1926,500,2100,DISABLED,DISABLED,1500,900,1500,N/A,DISABLED,53,914,1680,N/A,ENABLED,53,914,1680,N/A,ENABLED,53,914,1680,N/A,ENABLED,53,914,1680,N/A,ENABLED,44,711,1400,N/A,ENABLED,44,711,1400,N/A,ENABLED,44,711,1400,N/A,ENABLED,44,711,1400,N/A,ENABLED,N/A,77,80,7,809,N/A,N/A,N/A,N/A,ENABLED,2025,500,2100,DISABLED,DISABLED,2022,500,2100,DISABLED,DISABLED,2035,500,2100,DISABLED,DISABLED,2031,500,2100,DISABLED,DISABLED,2031,500,2100,DISABLED,DISABLED,2020,500,2100,DISABLED,DISABLED,2036,500,2100,DISABLED,DISABLED,2026,500,2100,DISABLED,DISABLED,1500,900,1500,N/A,DISABLED,53,914,1680,N/A,ENABLED,53,914,1680,N/A,ENABLED,53,914,1680,N/A,ENABLED,53,914,1680,N/A,ENABLED,44,711,1400,N/A,ENABLED,44,711,1400,N/A,ENABLED,44,711,1400,N/A,ENABLED,44,711,1400,N/A,ENABLED,N/A,65,66
1743961113,0,842,N/A,N/A,N/A,N/A,ENABLED,1988,500,2100,DISABLED,DISABLED,1973,500,2100,DISABLED,DISABLED,1989,500,2100,DISABLED,DISABLED,1991,500,2100,DISABLED,DISABLED,1992,500,2100,DISABLED,DISABLED,1979,500,2100,DISABLED,DISABLED,1993,500,2100,DISABLED,DISABLED,1986,500,2100,DISABLED,DISABLED,1500,900,1500,N/A,DISABLED,53,914,1680,N/A,ENABLED,53,914,1680,N/A,ENABLED,53,914,1680,N/A,ENABLED,53,914,1680,N/A,ENABLED,44,711,1400,N/A,ENABLED,44,711,1400,N/A,ENABLED,44,711,1400,N/A,ENABLED,44,711,1400,N/A,ENABLED,N/A,75,78,1,788,N/A,N/A,N/A,N/A,ENABLED,2051,500,2100,DISABLED,DISABLED,2050,500,2100,DISABLED,DISABLED,2060,500,2100,DISABLED,DISABLED,2044,500,2100,DISABLED,DISABLED,2050,500,2100,DISABLED,DISABLED,2050,500,2100,DISABLED,DISABLED,2044,500,2100,DISABLED,DISABLED,2041,500,2100,DISABLED,DISABLED,1500,900,1500,N/A,DISABLED,53,914,1680,N/A,ENABLED,53,914,1680,N/A,ENABLED,53,914,1680,N/A,ENABLED,53,914,1680,N/A,ENABLED,44,711,1400,N/A,ENABLED,44,711,1400,N/A,ENABLED,44,711,1400,N/A,ENABLED,44,711,1400,N/A,ENABLED,N/A,60,63,2,805,N/A,N/A,N/A,N/A,ENABLED,2012,500,2100,DISABLED,DISABLED,2003,500,2100,DISABLED,DISABLED,2014,500,2100,DISABLED,DISABLED,2003,500,2100,DISABLED,DISABLED,2004,500,2100,DISABLED,DISABLED,1989,500,2100,DISABLED,DISABLED,2015,500,2100,DISABLED,DISABLED,2011,500,2100,DISABLED,DISABLED,1500,900,1500,N/A,DISABLED,53,914,1680,N/A,ENABLED,53,914,1680,N/A,ENABLED,53,914,1680,N/A,ENABLED,53,914,1680,N/A,ENABLED,44,711,1400,N/A,ENABLED,44,711,1400,N/A,ENABLED,44,711,1400,N/A,ENABLED,44,711,1400,N/A,ENABLED,N/A,61,65,3,844,N/A,N/A,N/A,N/A,ENABLED,1907,500,2100,DISABLED,DISABLED,1904,500,2100,DISABLED,DISABLED,1911,500,2100,DISABLED,DISABLED,1905,500,2100,DISABLED,DISABLED,1899,500,2100,DISABLED,DISABLED,1895,500,2100,DISABLED,DISABLED,1902,500,2100,DISABLED,DISABLED,1895,500,2100,DISABLED,DISABLED,1500,900,1500,N/A,DISABLED,53,914,1680,N/A,ENABLED,53,914,1680,N/A,ENABLED,53,914,1680,N/A,ENABLED,53,914,1680,N/A,ENABLED,44,711,1400,N/A,ENABLED,44,711,1400,N/A,ENABLED,44,711,1400,N/A,ENABLED,44,711,1400,N/A,ENABLED,N/A,81,79,4,839,N/A,N/A,N/A,N/A,ENABLED,2022,500,2100,DISABLED,DISABLED,2016,500,2100,DISABLED,DISABLED,2030,500,2100,DISABLED,DISABLED,2016,500,2100,DISABLED,DISABLED,2022,500,2100,DISABLED,DISABLED,2018,500,2100,DISABLED,DISABLED,2020,500,2100,DISABLED,DISABLED,2008,500,2100,DISABLED,DISABLED,1500,900,1500,N/A,DISABLED,53,914,1680,N/A,ENABLED,53,914,1680,N/A,ENABLED,53,914,1680,N/A,ENABLED,53,914,1680,N/A,ENABLED,44,711,1400,N/A,ENABLED,44,711,1400,N/A,ENABLED,44,711,1400,N/A,ENABLED,44,711,1400,N/A,ENABLED,N/A,76,78,5,810,N/A,N/A,N/A,N/A,ENABLED,2049,500,2100,DISABLED,DISABLED,2045,500,2100,DISABLED,DISABLED,2048,500,2100,DISABLED,DISABLED,2044,500,2100,DISABLED,DISABLED,2056,500,2100,DISABLED,DISABLED,2041,500,2100,DISABLED,DISABLED,2056,500,2100,DISABLED,DISABLED,2043,500,2100,DISABLED,DISABLED,1500,900,1500,N/A,DISABLED,53,914,1680,N/A,ENABLED,53,914,1680,N/A,ENABLED,53,914,1680,N/A,ENABLED,53,914,1680,N/A,ENABLED,44,711,1400,N/A,ENABLED,44,711,1400,N/A,ENABLED,44,711,1400,N/A,ENABLED,44,711,1400,N/A,ENABLED,N/A,60,63,6,859,N/A,N/A,N/A,N/A,ENABLED,1935,500,2100,DISABLED,DISABLED,1929,500,2100,DISABLED,DISABLED,1951,500,2100,DISABLED,DISABLED,1939,500,2100,DISABLED,DISABLED,1942,500,2100,DISABLED,DISABLED,1926,500,2100,DISABLED,DISABLED,1942,500,2100,DISABLED,DISABLED,1938,500,2100,DISABLED,DISABLED,1500,900,1500,N/A,DISABLED,53,914,1680,N/A,ENABLED,53,914,1680,N/A,ENABLED,53,914,1680,N/A,ENABLED,53,914,1680,N/A,ENABLED,44,711,1400,N/A,ENABLED,44,711,1400,N/A,ENABLED,44,711,1400,N/A,ENABLED,44,711,1400,N/A,ENABLED,N/A,77,80,7,810,N/A,N/A,N/A,N/A,ENABLED,2033,500,2100,DISABLED,DISABLED,2029,500,2100,DISABLED,DISABLED,2043,500,2100,DISABLED,DISABLED,2039,500,2100,DISABLED,DISABLED,2039,500,2100,DISABLED,DISABLED,2028,500,2100,DISABLED,DISABLED,2044,500,2100,DISABLED,DISABLED,2033,500,2100,DISABLED,DISABLED,1500,900,1500,N/A,DISABLED,53,914,1680,N/A,ENABLED,53,914,1680,N/A,ENABLED,53,914,1680,N/A,ENABLED,53,914,1680,N/A,ENABLED,44,711,1400,N/A,ENABLED,44,711,1400,N/A,ENABLED,44,711,1400,N/A,ENABLED,44,711,1400,N/A,ENABLED,N/A,65,66
1743961114,0,836,N/A,N/A,N/A,N/A,ENABLED,1988,500,2100,DISABLED,DISABLED,1973,500,2100,DISABLED,DISABLED,1988,500,2100,DISABLED,DISABLED,1990,500,2100,DISABLED,DISABLED,1992,500,2100,DISABLED,DISABLED,1979,500,2100,DISABLED,DISABLED,1992,500,2100,DISABLED,DISABLED,1986,500,2100,DISABLED,DISABLED,1500,900,1500,N/A,DISABLED,53,914,1680,N/A,ENABLED,53,914,1680,N/A,ENABLED,53,914,1680,N/A,ENABLED,53,914,1680,N/A,ENABLED,44,711,1400,N/A,ENABLED,44,711,1400,N/A,ENABLED,44,711,1400,N/A,ENABLED,44,711,1400,N/A,ENABLED,N/A,74,77,1,792,N/A,N/A,N/A,N/A,ENABLED,2051,500,2100,DISABLED,DISABLED,2050,500,2100,DISABLED,DISABLED,2060,500,2100,DISABLED,DISABLED,2044,500,2100,DISABLED,DISABLED,2050,500,2100,DISABLED,DISABLED,2051,500,2100,DISABLED,DISABLED,2045,500,2100,DISABLED,DISABLED,2042,500,2100,DISABLED,DISABLED,1500,900,1500,N/A,DISABLED,53,914,1680,N/A,ENABLED,53,914,1680,N/A,ENABLED,53,914,1680,N/A,ENABLED,53,914,1680,N/A,ENABLED,44,711,1400,N/A,ENABLED,44,711,1400,N/A,ENABLED,44,711,1400,N/A,ENABLED,44,711,1400,N/A,ENABLED,N/A,60,63,2,799,N/A,N/A,N/A,N/A,ENABLED,2014,500,2100,DISABLED,DISABLED,2006,500,2100,DISABLED,DISABLED,2016,500,2100,DISABLED,DISABLED,2005,500,2100,DISABLED,DISABLED,2006,500,2100,DISABLED,DISABLED,1992,500,2100,DISABLED,DISABLED,2016,500,2100,DISABLED,DISABLED,2012,500,2100,DISABLED,DISABLED,1500,900,1500,N/A,DISABLED,53,914,1680,N/A,ENABLED,53,914,1680,N/A,ENABLED,53,914,1680,N/A,ENABLED,53,914,1680,N/A,ENABLED,44,711,1400,N/A,ENABLED,44,711,1400,N/A,ENABLED,44,711,1400,N/A,ENABLED,44,711,1400,N/A,ENABLED,N/A,61,65,3,849,N/A,N/A,N/A,N/A,ENABLED,1911,500,2100,DISABLED,DISABLED,1907,500,2100,DISABLED,DISABLED,1914,500,2100,DISABLED,DISABLED,1910,500,2100,DISABLED,DISABLED,1902,500,2100,DISABLED,DISABLED,1898,500,2100,DISABLED,DISABLED,1904,500,2100,DISABLED,DISABLED,1899,500,2100,DISABLED,DISABLED,1500,900,1500,N/A,DISABLED,53,914,1680,N/A,ENABLED,53,914,1680,N/A,ENABLED,53,914,1680,N/A,ENABLED,53,914,1680,N/A,ENABLED,44,711,1400,N/A,ENABLED,44,711,1400,N/A,ENABLED,44,711,1400,N/A,ENABLED,44,711,1400,N/A,ENABLED,N/A,81,79,4,836,N/A,N/A,N/A,N/A,ENABLED,2025,500,2100,DISABLED,DISABLED,2019,500,2100,DISABLED,DISABLED,2033,500,2100,DISABLED,DISABLED,2018,500,2100,DISABLED,DISABLED,2024,500,2100,DISABLED,DISABLED,2020,500,2100,DISABLED,DISABLED,2022,500,2100,DISABLED,DISABLED,2010,500,2100,DISABLED,DISABLED,1500,900,1500,N/A,DISABLED,53,914,1680,N/A,ENABLED,53,914,1680,N/A,ENABLED,53,914,1680,N/A,ENABLED,53,914,1680,N/A,ENABLED,44,711,1400,N/A,ENABLED,44,711,1400,N/A,ENABLED,44,711,1400,N/A,ENABLED,44,711,1400,N/A,ENABLED,N/A,76,77,5,812,N/A,N/A,N/A,N/A,ENABLED,2048,500,2100,DISABLED,DISABLED,2045,500,2100,DISABLED,DISABLED,2047,500,2100,DISABLED,DISABLED,2043,500,2100,DISABLED,DISABLED,2055,500,2100,DISABLED,DISABLED,2040,500,2100,DISABLED,DISABLED,2054,500,2100,DISABLED,DISABLED,2041,500,2100,DISABLED,DISABLED,1500,900,1500,N/A,DISABLED,53,914,1680,N/A,ENABLED,53,914,1680,N/A,ENABLED,53,914,1680,N/A,ENABLED,53,914,1680,N/A,ENABLED,44,711,1400,N/A,ENABLED,44,711,1400,N/A,ENABLED,44,711,1400,N/A,ENABLED,44,711,1400,N/A,ENABLED,N/A,60,64,6,860,N/A,N/A,N/A,N/A,ENABLED,1937,500,2100,DISABLED,DISABLED,1930,500,2100,DISABLED,DISABLED,1953,500,2100,DISABLED,DISABLED,1941,500,2100,DISABLED,DISABLED,1943,500,2100,DISABLED,DISABLED,1928,500,2100,DISABLED,DISABLED,1944,500,2100,DISABLED,DISABLED,1940,500,2100,DISABLED,DISABLED,1500,900,1500,N/A,DISABLED,53,914,1680,N/A,ENABLED,53,914,1680,N/A,ENABLED,53,914,1680,N/A,ENABLED,53,914,1680,N/A,ENABLED,44,711,1400,N/A,ENABLED,44,711,1400,N/A,ENABLED,44,711,1400,N/A,ENABLED,44,711,1400,N/A,ENABLED,N/A,77,80,7,808,N/A,N/A,N/A,N/A,ENABLED,2031,500,2100,DISABLED,DISABLED,2027,500,2100,DISABLED,DISABLED,2040,500,2100,DISABLED,DISABLED,2036,500,2100,DISABLED,DISABLED,2036,500,2100,DISABLED,DISABLED,2026,500,2100,DISABLED,DISABLED,2042,500,2100,DISABLED,DISABLED,2031,500,2100,DISABLED,DISABLED,1500,900,1500,N/A,DISABLED,53,914,1680,N/A,ENABLED,53,914,1680,N/A,ENABLED,53,914,1680,N/A,ENABLED,53,914,1680,N/A,ENABLED,44,711,1400,N/A,ENABLED,44,711,1400,N/A,ENABLED,44,711,1400,N/A,ENABLED,44,711,1400,N/A,ENABLED,N/A,65,66
1743961116,0,839,N/A,N/A,N/A,N/A,ENABLED,1986,500,2100,DISABLED,DISABLED,1971,500,2100,DISABLED,DISABLED,1986,500,2100,DISABLED,DISABLED,1988,500,2100,DISABLED,DISABLED,1991,500,2100,DISABLED,DISABLED,1978,500,2100,DISABLED,DISABLED,1991,500,2100,DISABLED,DISABLED,1984,500,2100,DISABLED,DISABLED,1500,900,1500,N/A,DISABLED,53,914,1680,N/A,ENABLED,53,914,1680,N/A,ENABLED,53,914,1680,N/A,ENABLED,53,914,1680,N/A,ENABLED,44,711,1400,N/A,ENABLED,44,711,1400,N/A,ENABLED,44,711,1400,N/A,ENABLED,44,711,1400,N/A,ENABLED,N/A,74,76,1,792,N/A,N/A,N/A,N/A,ENABLED,2050,500,2100,DISABLED,DISABLED,2049,500,2100,DISABLED,DISABLED,2059,500,2100,DISABLED,DISABLED,2043,500,2100,DISABLED,DISABLED,2049,500,2100,DISABLED,DISABLED,2049,500,2100,DISABLED,DISABLED,2044,500,2100,DISABLED,DISABLED,2040,500,2100,DISABLED,DISABLED,1500,900,1500,N/A,DISABLED,53,914,1680,N/A,ENABLED,53,914,1680,N/A,ENABLED,53,914,1680,N/A,ENABLED,53,914,1680,N/A,ENABLED,44,711,1400,N/A,ENABLED,44,711,1400,N/A,ENABLED,44,711,1400,N/A,ENABLED,44,711,1400,N/A,ENABLED,N/A,60,63,2,808,N/A,N/A,N/A,N/A,ENABLED,2012,500,2100,DISABLED,DISABLED,2003,500,2100,DISABLED,DISABLED,2015,500,2100,DISABLED,DISABLED,2003,500,2100,DISABLED,DISABLED,2004,500,2100,DISABLED,DISABLED,1989,500,2100,DISABLED,DISABLED,2015,500,2100,DISABLED,DISABLED,2011,500,2100,DISABLED,DISABLED,1500,900,1500,N/A,DISABLED,53,914,1680,N/A,ENABLED,53,914,1680,N/A,ENABLED,53,914,1680,N/A,ENABLED,53,914,1680,N/A,ENABLED,44,711,1400,N/A,ENABLED,44,711,1400,N/A,ENABLED,44,711,1400,N/A,ENABLED,44,711,1400,N/A,ENABLED,N/A,61,65,3,842,N/A,N/A,N/A,N/A,ENABLED,1912,500,2100,DISABLED,DISABLED,1910,500,2100,DISABLED,DISABLED,1915,500,2100,DISABLED,DISABLED,1910,500,2100,DISABLED,DISABLED,1904,500,2100,DISABLED,DISABLED,1901,500,2100,DISABLED,DISABLED,1906,500,2100,DISABLED,DISABLED,1901,500,2100,DISABLED,DISABLED,1500,900,1500,N/A,DISABLED,53,914,1680,N/A,ENABLED,53,914,1680,N/A,ENABLED,53,914,1680,N/A,ENABLED,53,914,1680,N/A,ENABLED,44,711,1400,N/A,ENABLED,44,711,1400,N/A,ENABLED,44,711,1400,N/A,ENABLED,44,711,1400,N/A,ENABLED,N/A,81,79,4,835,N/A,N/A,N/A,N/A,ENABLED,2023,500,2100,DISABLED,DISABLED,2018,500,2100,DISABLED,DISABLED,2031,500,2100,DISABLED,DISABLED,2017,500,2100,DISABLED,DISABLED,2023,500,2100,DISABLED,DISABLED,2019,500,2100,DISABLED,DISABLED,2021,500,2100,DISABLED,DISABLED,2009,500,2100,DISABLED,DISABLED,1500,900,1500,N/A,DISABLED,53,914,1680,N/A,ENABLED,53,914,1680,N/A,ENABLED,53,914,1680,N/A,ENABLED,53,914,1680,N/A,ENABLED,44,711,1400,N/A,ENABLED,44,711,1400,N/A,ENABLED,44,711,1400,N/A,ENABLED,44,711,1400,N/A,ENABLED,N/A,76,78,5,817,N/A,N/A,N/A,N/A,ENABLED,2042,500,2100,DISABLED,DISABLED,2039,500,2100,DISABLED,DISABLED,2041,500,2100,DISABLED,DISABLED,2037,500,2100,DISABLED,DISABLED,2049,500,2100,DISABLED,DISABLED,2034,500,2100,DISABLED,DISABLED,2050,500,2100,DISABLED,DISABLED,2037,500,2100,DISABLED,DISABLED,1500,900,1500,N/A,DISABLED,53,914,1680,N/A,ENABLED,53,914,1680,N/A,ENABLED,53,914,1680,N/A,ENABLED,53,914,1680,N/A,ENABLED,44,711,1400,N/A,ENABLED,44,711,1400,N/A,ENABLED,44,711,1400,N/A,ENABLED,44,711,1400,N/A,ENABLED,N/A,60,63,6,857,N/A,N/A,N/A,N/A,ENABLED,1935,500,2100,DISABLED,DISABLED,1929,500,2100,DISABLED,DISABLED,1952,500,2100,DISABLED,DISABLED,1940,500,2100,DISABLED,DISABLED,1941,500,2100,DISABLED,DISABLED,1926,500,2100,DISABLED,DISABLED,1942,500,2100,DISABLED,DISABLED,1938,500,2100,DISABLED,DISABLED,1500,900,1500,N/A,DISABLED,53,914,1680,N/A,ENABLED,53,914,1680,N/A,ENABLED,53,914,1680,N/A,ENABLED,53,914,1680,N/A,ENABLED,44,711,1400,N/A,ENABLED,44,711,1400,N/A,ENABLED,44,711,1400,N/A,ENABLED,44,711,1400,N/A,ENABLED,N/A,77,80,7,807,N/A,N/A,N/A,N/A,ENABLED,2030,500,2100,DISABLED,DISABLED,2025,500,2100,DISABLED,DISABLED,2039,500,2100,DISABLED,DISABLED,2035,500,2100,DISABLED,DISABLED,2035,500,2100,DISABLED,DISABLED,2024,500,2100,DISABLED,DISABLED,2041,500,2100,DISABLED,DISABLED,2030,500,2100,DISABLED,DISABLED,1500,900,1500,N/A,DISABLED,53,914,1680,N/A,ENABLED,53,914,1680,N/A,ENABLED,53,914,1680,N/A,ENABLED,53,914,1680,N/A,ENABLED,44,711,1400,N/A,ENABLED,44,711,1400,N/A,ENABLED,44,711,1400,N/A,ENABLED,44,711,1400,N/A,ENABLED,N/A,65,66
1743961117,0,832,N/A,N/A,N/A,N/A,ENABLED,1987,500,2100,DISABLED,DISABLED,1972,500,2100,DISABLED,DISABLED,1986,500,2100,DISABLED,DISABLED,1988,500,2100,DISABLED,DISABLED,1991,500,2100,DISABLED,DISABLED,1979,500,2100,DISABLED,DISABLED,1991,500,2100,DISABLED,DISABLED,1985,500,2100,DISABLED,DISABLED,1500,900,1500,N/A,DISABLED,53,914,1680,N/A,ENABLED,53,914,1680,N/A,ENABLED,53,914,1680,N/A,ENABLED,53,914,1680,N/A,ENABLED,44,711,1400,N/A,ENABLED,44,711,1400,N/A,ENABLED,44,711,1400,N/A,ENABLED,44,711,1400,N/A,ENABLED,N/A,74,77,1,785,N/A,N/A,N/A,N/A,ENABLED,2048,500,2100,DISABLED,DISABLED,2047,500,2100,DISABLED,DISABLED,2056,500,2100,DISABLED,DISABLED,2041,500,2100,DISABLED,DISABLED,2046,500,2100,DISABLED,DISABLED,2047,500,2100,DISABLED,DISABLED,2041,500,2100,DISABLED,DISABLED,2037,500,2100,DISABLED,DISABLED,1500,900,1500,N/A,DISABLED,53,914,1680,N/A,ENABLED,53,914,1680,N/A,ENABLED,53,914,1680,N/A,ENABLED,53,914,1680,N/A,ENABLED,44,711,1400,N/A,ENABLED,44,711,1400,N/A,ENABLED,44,711,1400,N/A,ENABLED,44,711,1400,N/A,ENABLED,N/A,60,62,2,806,N/A,N/A,N/A,N/A,ENABLED,2008,500,2100,DISABLED,DISABLED,2000,500,2100,DISABLED,DISABLED,2011,500,2100,DISABLED,DISABLED,1998,500,2100,DISABLED,DISABLED,2000,500,2100,DISABLED,DISABLED,1985,500,2100,DISABLED,DISABLED,2010,500,2100,DISABLED,DISABLED,2006,500,2100,DISABLED,DISABLED,1500,900,1500,N/A,DISABLED,53,914,1680,N/A,ENABLED,53,914,1680,N/A,ENABLED,53,914,1680,N/A,ENABLED,53,914,1680,N/A,ENABLED,44,711,1400,N/A,ENABLED,44,711,1400,N/A,ENABLED,44,711,1400,N/A,ENABLED,44,711,1400,N/A,ENABLED,N/A,61,65,3,847,N/A,N/A,N/A,N/A,ENABLED,1909,500,2100,DISABLED,DISABLED,1906,500,2100,DISABLED,DISABLED,1913,500,2100,DISABLED,DISABLED,1908,500,2100,DISABLED,DISABLED,1901,500,2100,DISABLED,DISABLED,1897,500,2100,DISABLED,DISABLED,1904,500,2100,DISABLED,DISABLED,1898,500,2100,DISABLED,DISABLED,1500,900,1500,N/A,DISABLED,53,914,1680,N/A,ENABLED,53,914,1680,N/A,ENABLED,53,914,1680,N/A,ENABLED,53,914,1680,N/A,ENABLED,44,711,1400,N/A,ENABLED,44,711,1400,N/A,ENABLED,44,711,1400,N/A,ENABLED,44,711,1400,N/A,ENABLED,N/A,81,78,4,834,N/A,N/A,N/A,N/A,ENABLED,2022,500,2100,DISABLED,DISABLED,2017,500,2100,DISABLED,DISABLED,2031,500,2100,DISABLED,DISABLED,2015,500,2100,DISABLED,DISABLED,2022,500,2100,DISABLED,DISABLED,2019,500,2100,DISABLED,DISABLED,2019,500,2100,DISABLED,DISABLED,2008,500,2100,DISABLED,DISABLED,1500,900,1500,N/A,DISABLED,53,914,1680,N/A,ENABLED,53,914,1680,N/A,ENABLED,53,914,1680,N/A,ENABLED,53,914,1680,N/A,ENABLED,44,711,1400,N/A,ENABLED,44,711,1400,N/A,ENABLED,44,711,1400,N/A,ENABLED,44,711,1400,N/A,ENABLED,N/A,75,78,5,810,N/A,N/A,N/A,N/A,ENABLED,2040,500,2100,DISABLED,DISABLED,2037,500,2100,DISABLED,DISABLED,2038,500,2100,DISABLED,DISABLED,2035,500,2100,DISABLED,DISABLED,2047,500,2100,DISABLED,DISABLED,2032,500,2100,DISABLED,DISABLED,2046,500,2100,DISABLED,DISABLED,2034,500,2100,DISABLED,DISABLED,1500,900,1500,N/A,DISABLED,53,914,1680,N/A,ENABLED,53,914,1680,N/A,ENABLED,53,914,1680,N/A,ENABLED,53,914,1680,N/A,ENABLED,44,711,1400,N/A,ENABLED,44,711,1400,N/A,ENABLED,44,711,1400,N/A,ENABLED,44,711,1400,N/A,ENABLED,N/A,60,63,6,858,N/A,N/A,N/A,N/A,ENABLED,1936,500,2100,DISABLED,DISABLED,1929,500,2100,DISABLED,DISABLED,1952,500,2100,DISABLED,DISABLED,1940,500,2100,DISABLED,DISABLED,1943,500,2100,DISABLED,DISABLED,1927,500,2100,DISABLED,DISABLED,1944,500,2100,DISABLED,DISABLED,1939,500,2100,DISABLED,DISABLED,1500,900,1500,N/A,DISABLED,53,914,1680,N/A,ENABLED,53,914,1680,N/A,ENABLED,53,914,1680,N/A,ENABLED,53,914,1680,N/A,ENABLED,44,711,1400,N/A,ENABLED,44,711,1400,N/A,ENABLED,44,711,1400,N/A,ENABLED,44,711,1400,N/A,ENABLED,N/A,77,80,7,808,N/A,N/A,N/A,N/A,ENABLED,2026,500,2100,DISABLED,DISABLED,2022,500,2100,DISABLED,DISABLED,2037,500,2100,DISABLED,DISABLED,2032,500,2100,DISABLED,DISABLED,2032,500,2100,DISABLED,DISABLED,2021,500,2100,DISABLED,DISABLED,2039,500,2100,DISABLED,DISABLED,2028,500,2100,DISABLED,DISABLED,1500,900,1500,N/A,DISABLED,53,914,1680,N/A,ENABLED,53,914,1680,N/A,ENABLED,53,914,1680,N/A,ENABLED,53,914,1680,N/A,ENABLED,44,711,1400,N/A,ENABLED,44,711,1400,N/A,ENABLED,44,711,1400,N/A,ENABLED,44,711,1400,N/A,ENABLED,N/A,64,66
1743961118,0,838,N/A,N/A,N/A,N/A,ENABLED,1991,500,2100,DISABLED,DISABLED,1976,500,2100,DISABLED,DISABLED,1992,500,2100,DISABLED,DISABLED,1993,500,2100,DISABLED,DISABLED,1996,500,2100,DISABLED,DISABLED,1983,500,2100,DISABLED,DISABLED,1997,500,2100,DISABLED,DISABLED,1990,500,2100,DISABLED,DISABLED,1500,900,1500,N/A,DISABLED,53,914,1680,N/A,ENABLED,53,914,1680,N/A,ENABLED,53,914,1680,N/A,ENABLED,53,914,1680,N/A,ENABLED,44,711,1400,N/A,ENABLED,44,711,1400,N/A,ENABLED,44,711,1400,N/A,ENABLED,44,711,1400,N/A,ENABLED,N/A,74,77,1,795,N/A,N/A,N/A,N/A,ENABLED,2047,500,2100,DISABLED,DISABLED,2046,500,2100,DISABLED,DISABLED,2055,500,2100,DISABLED,DISABLED,2040,500,2100,DISABLED,DISABLED,2046,500,2100,DISABLED,DISABLED,2046,500,2100,DISABLED,DISABLED,2040,500,2100,DISABLED,DISABLED,2037,500,2100,DISABLED,DISABLED,1500,900,1500,N/A,DISABLED,53,914,1680,N/A,ENABLED,53,914,1680,N/A,ENABLED,53,914,1680,N/A,ENABLED,53,914,1680,N/A,ENABLED,44,711,1400,N/A,ENABLED,44,711,1400,N/A,ENABLED,44,711,1400,N/A,ENABLED,44,711,1400,N/A,ENABLED,N/A,60,62,2,799,N/A,N/A,N/A,N/A,ENABLED,2012,500,2100,DISABLED,DISABLED,2003,500,2100,DISABLED,DISABLED,2015,500,2100,DISABLED,DISABLED,2002,500,2100,DISABLED,DISABLED,2005,500,2100,DISABLED,DISABLED,1990,500,2100,DISABLED,DISABLED,2014,500,2100,DISABLED,DISABLED,2011,500,2100,DISABLED,DISABLED,1500,900,1500,N/A,DISABLED,53,914,1680,N/A,ENABLED,53,914,1680,N/A,ENABLED,53,914,1680,N/A,ENABLED,53,914,1680,N/A,ENABLED,44,711,1400,N/A,ENABLED,44,711,1400,N/A,ENABLED,44,711,1400,N/A,ENABLED,44,711,1400,N/A,ENABLED,N/A,61,65,3,847,N/A,N/A,N/A,N/A,ENABLED,1897,500,2100,DISABLED,DISABLED,1895,500,2100,DISABLED,DISABLED,1902,500,2100,DISABLED,DISABLED,1897,500,2100,DISABLED,DISABLED,1889,500,2100,DISABLED,DISABLED,1885,500,2100,DISABLED,DISABLED,1892,500,2100,DISABLED,DISABLED,1887,500,2100,DISABLED,DISABLED,1500,900,1500,N/A,DISABLED,53,914,1680,N/A,ENABLED,53,914,1680,N/A,ENABLED,53,914,1680,N/A,ENABLED,53,914,1680,N/A,ENABLED,44,711,1400,N/A,ENABLED,44,711,1400,N/A,ENABLED,44,711,1400,N/A,ENABLED,44,711,1400,N/A,ENABLED,N/A,81,79,4,837,N/A,N/A,N/A,N/A,ENABLED,2019,500,2100,DISABLED,DISABLED,2013,500,2100,DISABLED,DISABLED,2028,500,2100,DISABLED,DISABLED,2013,500,2100,DISABLED,DISABLED,2019,500,2100,DISABLED,DISABLED,2015,500,2100,DISABLED,DISABLED,2017,500,2100,DISABLED,DISABLED,2005,500,2100,DISABLED,DISABLED,1500,900,1500,N/A,DISABLED,53,914,1680,N/A,ENABLED,53,914,1680,N/A,ENABLED,53,914,1680,N/A,ENABLED,53,914,1680,N/A,ENABLED,44,711,1400,N/A,ENABLED,44,711,1400,N/A,ENABLED,44,711,1400,N/A,ENABLED,44,711,1400,N/A,ENABLED,N/A,75,77,5,816,N/A,N/A,N/A,N/A,ENABLED,2039,500,2100,DISABLED,DISABLED,2036,500,2100,DISABLED,DISABLED,2038,500,2100,DISABLED,DISABLED,2034,500,2100,DISABLED,DISABLED,2046,500,2100,DISABLED,DISABLED,2031,500,2100,DISABLED,DISABLED,2047,500,2100,DISABLED,DISABLED,2035,500,2100,DISABLED,DISABLED,1500,900,1500,N/A,DISABLED,53,914,1680,N/A,ENABLED,53,914,1680,N/A,ENABLED,53,914,1680,N/A,ENABLED,53,914,1680,N/A,ENABLED,44,711,1400,N/A,ENABLED,44,711,1400,N/A,ENABLED,44,711,1400,N/A,ENABLED,44,711,1400,N/A,ENABLED,N/A,60,63,6,854,N/A,N/A,N/A,N/A,ENABLED,1925,500,2100,DISABLED,DISABLED,1919,500,2100,DISABLED,DISABLED,1942,500,2100,DISABLED,DISABLED,1930,500,2100,DISABLED,DISABLED,1933,500,2100,DISABLED,DISABLED,1916,500,2100,DISABLED,DISABLED,1933,500,2100,DISABLED,DISABLED,1928,500,2100,DISABLED,DISABLED,1500,900,1500,N/A,DISABLED,53,914,1680,N/A,ENABLED,53,914,1680,N/A,ENABLED,53,914,1680,N/A,ENABLED,53,914,1680,N/A,ENABLED,44,711,1400,N/A,ENABLED,44,711,1400,N/A,ENABLED,44,711,1400,N/A,ENABLED,44,711,1400,N/A,ENABLED,N/A,77,79,7,817,N/A,N/A,N/A,N/A,ENABLED,2020,500,2100,DISABLED,DISABLED,2016,500,2100,DISABLED,DISABLED,2030,500,2100,DISABLED,DISABLED,2026,500,2100,DISABLED,DISABLED,2026,500,2100,DISABLED,DISABLED,2015,500,2100,DISABLED,DISABLED,2032,500,2100,DISABLED,DISABLED,2021,500,2100,DISABLED,DISABLED,1500,900,1500,N/A,DISABLED,53,914,1680,N/A,ENABLED,53,914,1680,N/A,ENABLED,53,914,1680,N/A,ENABLED,53,914,1680,N/A,ENABLED,44,711,1400,N/A,ENABLED,44,711,1400,N/A,ENABLED,44,711,1400,N/A,ENABLED,44,711,1400,N/A,ENABLED,N/A,64,66
1743961119,0,823,N/A,N/A,N/A,N/A,ENABLED,2024,500,2100,DISABLED,DISABLED,2009,500,2100,DISABLED,DISABLED,2023,500,2100,DISABLED,DISABLED,2025,500,2100,DISABLED,DISABLED,2027,500,2100,DISABLED,DISABLED,2016,500,2100,DISABLED,DISABLED,2028,500,2100,DISABLED,DISABLED,2022,500,2100,DISABLED,DISABLED,1500,900,1500,N/A,DISABLED,53,914,1680,N/A,ENABLED,53,914,1680,N/A,ENABLED,53,914,1680,N/A,ENABLED,53,914,1680,N/A,ENABLED,44,711,1400,N/A,ENABLED,44,711,1400,N/A,ENABLED,44,711,1400,N/A,ENABLED,44,711,1400,N/A,ENABLED,N/A,74,76,1,776,N/A,N/A,N/A,N/A,ENABLED,2061,500,2100,DISABLED,DISABLED,2059,500,2100,DISABLED,DISABLED,2070,500,2100,DISABLED,DISABLED,2054,500,2100,DISABLED,DISABLED,2060,500,2100,DISABLED,DISABLED,2061,500,2100,DISABLED,DISABLED,2054,500,2100,DISABLED,DISABLED,2050,500,2100,DISABLED,DISABLED,1500,900,1500,N/A,DISABLED,53,914,1680,N/A,ENABLED,53,914,1680,N/A,ENABLED,53,914,1680,N/A,ENABLED,53,914,1680,N/A,ENABLED,44,711,1400,N/A,ENABLED,44,711,1400,N/A,ENABLED,44,711,1400,N/A,ENABLED,44,711,1400,N/A,ENABLED,N/A,60,61,2,786,N/A,N/A,N/A,N/A,ENABLED,2030,500,2100,DISABLED,DISABLED,2021,500,2100,DISABLED,DISABLED,2033,500,2100,DISABLED,DISABLED,2021,500,2100,DISABLED,DISABLED,2023,500,2100,DISABLED,DISABLED,2010,500,2100,DISABLED,DISABLED,2032,500,2100,DISABLED,DISABLED,2028,500,2100,DISABLED,DISABLED,1500,900,1500,N/A,DISABLED,53,914,1680,N/A,ENABLED,53,914,1680,N/A,ENABLED,53,914,1680,N/A,ENABLED,53,914,1680,N/A,ENABLED,44,711,1400,N/A,ENABLED,44,711,1400,N/A,ENABLED,44,711,1400,N/A,ENABLED,44,711,1400,N/A,ENABLED,N/A,61,64,3,833,N/A,N/A,N/A,N/A,ENABLED,1924,500,2100,DISABLED,DISABLED,1921,500,2100,DISABLED,DISABLED,1927,500,2100,DISABLED,DISABLED,1923,500,2100,DISABLED,DISABLED,1916,500,2100,DISABLED,DISABLED,1912,500,2100,DISABLED,DISABLED,1918,500,2100,DISABLED,DISABLED,1912,500,2100,DISABLED,DISABLED,1500,900,1500,N/A,DISABLED,53,914,1680,N/A,ENABLED,53,914,1680,N/A,ENABLED,53,914,1680,N/A,ENABLED,53,914,1680,N/A,ENABLED,44,711,1400,N/A,ENABLED,44,711,1400,N/A,ENABLED,44,711,1400,N/A,ENABLED,44,711,1400,N/A,ENABLED,N/A,80,77,4,824,N/A,N/A,N/A,N/A,ENABLED,2041,500,2100,DISABLED,DISABLED,2036,500,2100,DISABLED,DISABLED,2050,500,2100,DISABLED,DISABLED,2036,500,2100,DISABLED,DISABLED,2043,500,2100,DISABLED,DISABLED,2039,500,2100,DISABLED,DISABLED,2039,500,2100,DISABLED,DISABLED,2028,500,2100,DISABLED,DISABLED,1500,900,1500,N/A,DISABLED,53,914,1680,N/A,ENABLED,53,914,1680,N/A,ENABLED,53,914,1680,N/A,ENABLED,53,914,1680,N/A,ENABLED,44,711,1400,N/A,ENABLED,44,711,1400,N/A,ENABLED,44,711,1400,N/A,ENABLED,44,711,1400,N/A,ENABLED,N/A,75,76,5,795,N/A,N/A,N/A,N/A,ENABLED,2058,500,2100,DISABLED,DISABLED,2055,500,2100,DISABLED,DISABLED,2057,500,2100,DISABLED,DISABLED,2053,500,2100,DISABLED,DISABLED,2064,500,2100,DISABLED,DISABLED,2049,500,2100,DISABLED,DISABLED,2065,500,2100,DISABLED,DISABLED,2052,500,2100,DISABLED,DISABLED,1500,900,1500,N/A,DISABLED,53,914,1680,N/A,ENABLED,53,914,1680,N/A,ENABLED,53,914,1680,N/A,ENABLED,53,914,1680,N/A,ENABLED,44,711,1400,N/A,ENABLED,44,711,1400,N/A,ENABLED,44,711,1400,N/A,ENABLED,44,711,1400,N/A,ENABLED,N/A,60,61,6,842,N/A,N/A,N/A,N/A,ENABLED,1956,500,2100,DISABLED,DISABLED,1950,500,2100,DISABLED,DISABLED,1972,500,2100,DISABLED,DISABLED,1962,500,2100,DISABLED,DISABLED,1963,500,2100,DISABLED,DISABLED,1948,500,2100,DISABLED,DISABLED,1961,500,2100,DISABLED,DISABLED,1957,500,2100,DISABLED,DISABLED,1500,900,1500,N/A,DISABLED,53,914,1680,N/A,ENABLED,53,914,1680,N/A,ENABLED,53,914,1680,N/A,ENABLED,53,914,1680,N/A,ENABLED,44,711,1400,N/A,ENABLED,44,711,1400,N/A,ENABLED,44,711,1400,N/A,ENABLED,44,711,1400,N/A,ENABLED,N/A,76,78,7,799,N/A,N/A,N/A,N/A,ENABLED,2043,500,2100,DISABLED,DISABLED,2039,500,2100,DISABLED,DISABLED,2051,500,2100,DISABLED,DISABLED,2046,500,2100,DISABLED,DISABLED,2049,500,2100,DISABLED,DISABLED,2039,500,2100,DISABLED,DISABLED,2055,500,2100,DISABLED,DISABLED,2043,500,2100,DISABLED,DISABLED,1500,900,1500,N/A,DISABLED,53,914,1680,N/A,ENABLED,53,914,1680,N/A,ENABLED,53,914,1680,N/A,ENABLED,53,914,1680,N/A,ENABLED,44,711,1400,N/A,ENABLED,44,711,1400,N/A,ENABLED,44,711,1400,N/A,ENABLED,44,711,1400,N/A,ENABLED,N/A,64,64
1743961121,0,829,N/A,N/A,N/A,N/A,ENABLED,2025,500,2100,DISABLED,DISABLED,2010,500,2100,DISABLED,DISABLED,2025,500,2100,DISABLED,DISABLED,2028,500,2100,DISABLED,DISABLED,2028,500,2100,DISABLED,DISABLED,2017,500,2100,DISABLED,DISABLED,2030,500,2100,DISABLED,DISABLED,2024,500,2100,DISABLED,DISABLED,1500,900,1500,N/A,DISABLED,53,914,1680,N/A,ENABLED,53,914,1680,N/A,ENABLED,53,914,1680,N/A,ENABLED,53,914,1680,N/A,ENABLED,44,711,1400,N/A,ENABLED,44,711,1400,N/A,ENABLED,44,711,1400,N/A,ENABLED,44,711,1400,N/A,ENABLED,N/A,73,76,1,785,N/A,N/A,N/A,N/A,ENABLED,2065,500,2100,DISABLED,DISABLED,2063,500,2100,DISABLED,DISABLED,2074,500,2100,DISABLED,DISABLED,2058,500,2100,DISABLED,DISABLED,2064,500,2100,DISABLED,DISABLED,2065,500,2100,DISABLED,DISABLED,2058,500,2100,DISABLED,DISABLED,2054,500,2100,DISABLED,DISABLED,1500,900,1500,N/A,DISABLED,53,914,1680,N/A,ENABLED,53,914,1680,N/A,ENABLED,53,914,1680,N/A,ENABLED,53,914,1680,N/A,ENABLED,44,711,1400,N/A,ENABLED,44,711,1400,N/A,ENABLED,44,711,1400,N/A,ENABLED,44,711,1400,N/A,ENABLED,N/A,60,62,2,791,N/A,N/A,N/A,N/A,ENABLED,2031,500,2100,DISABLED,DISABLED,2024,500,2100,DISABLED,DISABLED,2036,500,2100,DISABLED,DISABLED,2024,500,2100,DISABLED,DISABLED,2026,500,2100,DISABLED,DISABLED,2012,500,2100,DISABLED,DISABLED,2036,500,2100,DISABLED,DISABLED,2033,500,2100,DISABLED,DISABLED,1500,900,1500,N/A,DISABLED,53,914,1680,N/A,ENABLED,53,914,1680,N/A,ENABLED,53,914,1680,N/A,ENABLED,53,914,1680,N/A,ENABLED,44,711,1400,N/A,ENABLED,44,711,1400,N/A,ENABLED,44,711,1400,N/A,ENABLED,44,711,1400,N/A,ENABLED,N/A,61,65,3,840,N/A,N/A,N/A,N/A,ENABLED,1920,500,2100,DISABLED,DISABLED,1918,500,2100,DISABLED,DISABLED,1926,500,2100,DISABLED,DISABLED,1921,500,2100,DISABLED,DISABLED,1912,500,2100,DISABLED,DISABLED,1909,500,2100,DISABLED,DISABLED,1915,500,2100,DISABLED,DISABLED,1910,500,2100,DISABLED,DISABLED,1500,900,1500,N/A,DISABLED,53,914,1680,N/A,ENABLED,53,914,1680,N/A,ENABLED,53,914,1680,N/A,ENABLED,53,914,1680,N/A,ENABLED,44,711,1400,N/A,ENABLED,44,711,1400,N/A,ENABLED,44,711,1400,N/A,ENABLED,44,711,1400,N/A,ENABLED,N/A,80,78,4,830,N/A,N/A,N/A,N/A,ENABLED,2047,500,2100,DISABLED,DISABLED,2041,500,2100,DISABLED,DISABLED,2054,500,2100,DISABLED,DISABLED,2041,500,2100,DISABLED,DISABLED,2047,500,2100,DISABLED,DISABLED,2045,500,2100,DISABLED,DISABLED,2045,500,2100,DISABLED,DISABLED,2034,500,2100,DISABLED,DISABLED,1500,900,1500,N/A,DISABLED,53,914,1680,N/A,ENABLED,53,914,1680,N/A,ENABLED,53,914,1680,N/A,ENABLED,53,914,1680,N/A,ENABLED,44,711,1400,N/A,ENABLED,44,711,1400,N/A,ENABLED,44,711,1400,N/A,ENABLED,44,711,1400,N/A,ENABLED,N/A,75,77,5,799,N/A,N/A,N/A,N/A,ENABLED,2061,500,2100,DISABLED,DISABLED,2058,500,2100,DISABLED,DISABLED,2061,500,2100,DISABLED,DISABLED,2057,500,2100,DISABLED,DISABLED,2067,500,2100,DISABLED,DISABLED,2053,500,2100,DISABLED,DISABLED,2069,500,2100,DISABLED,DISABLED,2056,500,2100,DISABLED,DISABLED,1500,900,1500,N/A,DISABLED,53,914,1680,N/A,ENABLED,53,914,1680,N/A,ENABLED,53,914,1680,N/A,ENABLED,53,914,1680,N/A,ENABLED,44,711,1400,N/A,ENABLED,44,711,1400,N/A,ENABLED,44,711,1400,N/A,ENABLED,44,711,1400,N/A,ENABLED,N/A,60,62,6,849,N/A,N/A,N/A,N/A,ENABLED,1955,500,2100,DISABLED,DISABLED,1949,500,2100,DISABLED,DISABLED,1971,500,2100,DISABLED,DISABLED,1960,500,2100,DISABLED,DISABLED,1963,500,2100,DISABLED,DISABLED,1946,500,2100,DISABLED,DISABLED,1960,500,2100,DISABLED,DISABLED,1957,500,2100,DISABLED,DISABLED,1500,900,1500,N/A,DISABLED,53,914,1680,N/A,ENABLED,53,914,1680,N/A,ENABLED,53,914,1680,N/A,ENABLED,53,914,1680,N/A,ENABLED,44,711,1400,N/A,ENABLED,44,711,1400,N/A,ENABLED,44,711,1400,N/A,ENABLED,44,711,1400,N/A,ENABLED,N/A,76,79,7,804,N/A,N/A,N/A,N/A,ENABLED,2046,500,2100,DISABLED,DISABLED,2042,500,2100,DISABLED,DISABLED,2054,500,2100,DISABLED,DISABLED,2049,500,2100,DISABLED,DISABLED,2052,500,2100,DISABLED,DISABLED,2042,500,2100,DISABLED,DISABLED,2058,500,2100,DISABLED,DISABLED,2047,500,2100,DISABLED,DISABLED,1500,900,1500,N/A,DISABLED,53,914,1680,N/A,ENABLED,53,914,1680,N/A,ENABLED,53,914,1680,N/A,ENABLED,53,914,1680,N/A,ENABLED,44,711,1400,N/A,ENABLED,44,711,1400,N/A,ENABLED,44,711,1400,N/A,ENABLED,44,711,1400,N/A,ENABLED,N/A,64,65
1743961122,0,830,N/A,N/A,N/A,N/A,ENABLED,2026,500,2100,DISABLED,DISABLED,2011,500,2100,DISABLED,DISABLED,2026,500,2100,DISABLED,DISABLED,2029,500,2100,DISABLED,DISABLED,2030,500,2100,DISABLED,DISABLED,2019,500,2100,DISABLED,DISABLED,2031,500,2100,DISABLED,DISABLED,2026,500,2100,DISABLED,DISABLED,1500,900,1500,N/A,DISABLED,53,914,1680,N/A,ENABLED,53,914,1680,N/A,ENABLED,53,914,1680,N/A,ENABLED,53,914,1680,N/A,ENABLED,44,711,1400,N/A,ENABLED,44,711,1400,N/A,ENABLED,44,711,1400,N/A,ENABLED,44,711,1400,N/A,ENABLED,N/A,73,76,1,787,N/A,N/A,N/A,N/A,ENABLED,2065,500,2100,DISABLED,DISABLED,2064,500,2100,DISABLED,DISABLED,2075,500,2100,DISABLED,DISABLED,2059,500,2100,DISABLED,DISABLED,2064,500,2100,DISABLED,DISABLED,2064,500,2100,DISABLED,DISABLED,2058,500,2100,DISABLED,DISABLED,2054,500,2100,DISABLED,DISABLED,1500,900,1500,N/A,DISABLED,53,914,1680,N/A,ENABLED,53,914,1680,N/A,ENABLED,53,914,1680,N/A,ENABLED,53,914,1680,N/A,ENABLED,44,711,1400,N/A,ENABLED,44,711,1400,N/A,ENABLED,44,711,1400,N/A,ENABLED,44,711,1400,N/A,ENABLED,N/A,59,61,2,795,N/A,N/A,N/A,N/A,ENABLED,2030,500,2100,DISABLED,DISABLED,2022,500,2100,DISABLED,DISABLED,2033,500,2100,DISABLED,DISABLED,2022,500,2100,DISABLED,DISABLED,2023,500,2100,DISABLED,DISABLED,2009,500,2100,DISABLED,DISABLED,2032,500,2100,DISABLED,DISABLED,2030,500,2100,DISABLED,DISABLED,1500,900,1500,N/A,DISABLED,53,914,1680,N/A,ENABLED,53,914,1680,N/A,ENABLED,53,914,1680,N/A,ENABLED,53,914,1680,N/A,ENABLED,44,711,1400,N/A,ENABLED,44,711,1400,N/A,ENABLED,44,711,1400,N/A,ENABLED,44,711,1400,N/A,ENABLED,N/A,60,64,3,838,N/A,N/A,N/A,N/A,ENABLED,1913,500,2100,DISABLED,DISABLED,1915,500,2100,DISABLED,DISABLED,1923,500,2100,DISABLED,DISABLED,1917,500,2100,DISABLED,DISABLED,1909,500,2100,DISABLED,DISABLED,1906,500,2100,DISABLED,DISABLED,1912,500,2100,DISABLED,DISABLED,1906,500,2100,DISABLED,DISABLED,1500,900,1500,N/A,DISABLED,53,914,1680,N/A,ENABLED,53,914,1680,N/A,ENABLED,53,914,1680,N/A,ENABLED,53,914,1680,N/A,ENABLED,44,711,1400,N/A,ENABLED,44,711,1400,N/A,ENABLED,44,711,1400,N/A,ENABLED,44,711,1400,N/A,ENABLED,N/A,80,78,4,837,N/A,N/A,N/A,N/A,ENABLED,2043,500,2100,DISABLED,DISABLED,2038,500,2100,DISABLED,DISABLED,2051,500,2100,DISABLED,DISABLED,2037,500,2100,DISABLED,DISABLED,2045,500,2100,DISABLED,DISABLED,2041,500,2100,DISABLED,DISABLED,2043,500,2100,DISABLED,DISABLED,2030,500,2100,DISABLED,DISABLED,1500,900,1500,N/A,DISABLED,53,914,1680,N/A,ENABLED,53,914,1680,N/A,ENABLED,53,914,1680,N/A,ENABLED,53,914,1680,N/A,ENABLED,44,711,1400,N/A,ENABLED,44,711,1400,N/A,ENABLED,44,711,1400,N/A,ENABLED,44,711,1400,N/A,ENABLED,N/A,75,77,5,806,N/A,N/A,N/A,N/A,ENABLED,2061,500,2100,DISABLED,DISABLED,2057,500,2100,DISABLED,DISABLED,2059,500,2100,DISABLED,DISABLED,2056,500,2100,DISABLED,DISABLED,2067,500,2100,DISABLED,DISABLED,2052,500,2100,DISABLED,DISABLED,2067,500,2100,DISABLED,DISABLED,2055,500,2100,DISABLED,DISABLED,1500,900,1500,N/A,DISABLED,53,914,1680,N/A,ENABLED,53,914,1680,N/A,ENABLED,53,914,1680,N/A,ENABLED,53,914,1680,N/A,ENABLED,44,711,1400,N/A,ENABLED,44,711,1400,N/A,ENABLED,44,711,1400,N/A,ENABLED,44,711,1400,N/A,ENABLED,N/A,59,63,6,849,N/A,N/A,N/A,N/A,ENABLED,1956,500,2100,DISABLED,DISABLED,1949,500,2100,DISABLED,DISABLED,1971,500,2100,DISABLED,DISABLED,1960,500,2100,DISABLED,DISABLED,1962,500,2100,DISABLED,DISABLED,1947,500,2100,DISABLED,DISABLED,1960,500,2100,DISABLED,DISABLED,1956,500,2100,DISABLED,DISABLED,1500,900,1500,N/A,DISABLED,53,914,1680,N/A,ENABLED,53,914,1680,N/A,ENABLED,53,914,1680,N/A,ENABLED,53,914,1680,N/A,ENABLED,44,711,1400,N/A,ENABLED,44,711,1400,N/A,ENABLED,44,711,1400,N/A,ENABLED,44,711,1400,N/A,ENABLED,N/A,76,79,7,810,N/A,N/A,N/A,N/A,ENABLED,2044,500,2100,DISABLED,DISABLED,2040,500,2100,DISABLED,DISABLED,2051,500,2100,DISABLED,DISABLED,2047,500,2100,DISABLED,DISABLED,2050,500,2100,DISABLED,DISABLED,2040,500,2100,DISABLED,DISABLED,2056,500,2100,DISABLED,DISABLED,2045,500,2100,DISABLED,DISABLED,1500,900,1500,N/A,DISABLED,53,914,1680,N/A,ENABLED,53,914,1680,N/A,ENABLED,53,914,1680,N/A,ENABLED,53,914,1680,N/A,ENABLED,44,711,1400,N/A,ENABLED,44,711,1400,N/A,ENABLED,44,711,1400,N/A,ENABLED,44,711,1400,N/A,ENABLED,N/A,64,65
1743961123,0,836,N/A,N/A,N/A,N/A,ENABLED,2022,500,2100,DISABLED,DISABLED,2007,500,2100,DISABLED,DISABLED,2022,500,2100,DISABLED,DISABLED,2024,500,2100,DISABLED,DISABLED,2026,500,2100,DISABLED,DISABLED,2014,500,2100,DISABLED,DISABLED,2026,500,2100,DISABLED,DISABLED,2021,500,2100,DISABLED,DISABLED,1500,900,1500,N/A,DISABLED,53,914,1680,N/A,ENABLED,53,914,1680,N/A,ENABLED,53,914,1680,N/A,ENABLED,53,914,1680,N/A,ENABLED,44,711,1400,N/A,ENABLED,44,711,1400,N/A,ENABLED,44,711,1400,N/A,ENABLED,44,711,1400,N/A,ENABLED,N/A,73,76,1,790,N/A,N/A,N/A,N/A,ENABLED,2065,500,2100,DISABLED,DISABLED,2064,500,2100,DISABLED,DISABLED,2076,500,2100,DISABLED,DISABLED,2060,500,2100,DISABLED,DISABLED,2064,500,2100,DISABLED,DISABLED,2065,500,2100,DISABLED,DISABLED,2058,500,2100,DISABLED,DISABLED,2055,500,2100,DISABLED,DISABLED,1500,900,1500,N/A,DISABLED,53,914,1680,N/A,ENABLED,53,914,1680,N/A,ENABLED,53,914,1680,N/A,ENABLED,53,914,1680,N/A,ENABLED,44,711,1400,N/A,ENABLED,44,711,1400,N/A,ENABLED,44,711,1400,N/A,ENABLED,44,711,1400,N/A,ENABLED,N/A,59,62,2,793,N/A,N/A,N/A,N/A,ENABLED,2030,500,2100,DISABLED,DISABLED,2021,500,2100,DISABLED,DISABLED,2034,500,2100,DISABLED,DISABLED,2022,500,2100,DISABLED,DISABLED,2023,500,2100,DISABLED,DISABLED,2010,500,2100,DISABLED,DISABLED,2032,500,2100,DISABLED,DISABLED,2030,500,2100,DISABLED,DISABLED,1500,900,1500,N/A,DISABLED,53,914,1680,N/A,ENABLED,53,914,1680,N/A,ENABLED,53,914,1680,N/A,ENABLED,53,914,1680,N/A,ENABLED,44,711,1400,N/A,ENABLED,44,711,1400,N/A,ENABLED,44,711,1400,N/A,ENABLED,44,711,1400,N/A,ENABLED,N/A,60,65,3,847,N/A,N/A,N/A,N/A,ENABLED,1933,500,2100,DISABLED,DISABLED,1929,500,2100,DISABLED,DISABLED,1936,500,2100,DISABLED,DISABLED,1930,500,2100,DISABLED,DISABLED,1924,500,2100,DISABLED,DISABLED,1920,500,2100,DISABLED,DISABLED,1927,500,2100,DISABLED,DISABLED,1920,500,2100,DISABLED,DISABLED,1500,900,1500,N/A,DISABLED,53,914,1680,N/A,ENABLED,53,914,1680,N/A,ENABLED,53,914,1680,N/A,ENABLED,53,914,1680,N/A,ENABLED,44,711,1400,N/A,ENABLED,44,711,1400,N/A,ENABLED,44,711,1400,N/A,ENABLED,44,711,1400,N/A,ENABLED,N/A,80,78,4,838,N/A,N/A,N/A,N/A,ENABLED,2039,500,2100,DISABLED,DISABLED,2034,500,2100,DISABLED,DISABLED,2047,500,2100,DISABLED,DISABLED,2034,500,2100,DISABLED,DISABLED,2041,500,2100,DISABLED,DISABLED,2037,500,2100,DISABLED,DISABLED,2038,500,2100,DISABLED,DISABLED,2026,500,2100,DISABLED,DISABLED,1500,900,1500,N/A,DISABLED,53,914,1680,N/A,ENABLED,53,914,1680,N/A,ENABLED,53,914,1680,N/A,ENABLED,53,914,1680,N/A,ENABLED,44,711,1400,N/A,ENABLED,44,711,1400,N/A,ENABLED,44,711,1400,N/A,ENABLED,44,711,1400,N/A,ENABLED,N/A,74,77,5,810,N/A,N/A,N/A,N/A,ENABLED,2057,500,2100,DISABLED,DISABLED,2054,500,2100,DISABLED,DISABLED,2056,500,2100,DISABLED,DISABLED,2052,500,2100,DISABLED,DISABLED,2064,500,2100,DISABLED,DISABLED,2049,500,2100,DISABLED,DISABLED,2063,500,2100,DISABLED,DISABLED,2051,500,2100,DISABLED,DISABLED,1500,900,1500,N/A,DISABLED,53,914,1680,N/A,ENABLED,53,914,1680,N/A,ENABLED,53,914,1680,N/A,ENABLED,53,914,1680,N/A,ENABLED,44,711,1400,N/A,ENABLED,44,711,1400,N/A,ENABLED,44,711,1400,N/A,ENABLED,44,711,1400,N/A,ENABLED,N/A,59,62,6,852,N/A,N/A,N/A,N/A,ENABLED,1950,500,2100,DISABLED,DISABLED,1944,500,2100,DISABLED,DISABLED,1964,500,2100,DISABLED,DISABLED,1953,500,2100,DISABLED,DISABLED,1957,500,2100,DISABLED,DISABLED,1940,500,2100,DISABLED,DISABLED,1954,500,2100,DISABLED,DISABLED,1949,500,2100,DISABLED,DISABLED,1500,900,1500,N/A,DISABLED,53,914,1680,N/A,ENABLED,53,914,1680,N/A,ENABLED,53,914,1680,N/A,ENABLED,53,914,1680,N/A,ENABLED,44,711,1400,N/A,ENABLED,44,711,1400,N/A,ENABLED,44,711,1400,N/A,ENABLED,44,711,1400,N/A,ENABLED,N/A,76,79,7,804,N/A,N/A,N/A,N/A,ENABLED,2042,500,2100,DISABLED,DISABLED,2038,500,2100,DISABLED,DISABLED,2050,500,2100,DISABLED,DISABLED,2046,500,2100,DISABLED,DISABLED,2049,500,2100,DISABLED,DISABLED,2038,500,2100,DISABLED,DISABLED,2055,500,2100,DISABLED,DISABLED,2044,500,2100,DISABLED,DISABLED,1500,900,1500,N/A,DISABLED,53,914,1680,N/A,ENABLED,53,914,1680,N/A,ENABLED,53,914,1680,N/A,ENABLED,53,914,1680,N/A,ENABLED,44,711,1400,N/A,ENABLED,44,711,1400,N/A,ENABLED,44,711,1400,N/A,ENABLED,44,711,1400,N/A,ENABLED,N/A,64,65
1743961124,0,833,N/A,N/A,N/A,N/A,ENABLED,2021,500,2100,DISABLED,DISABLED,2005,500,2100,DISABLED,DISABLED,2020,500,2100,DISABLED,DISABLED,2023,500,2100,DISABLED,DISABLED,2023,500,2100,DISABLED,DISABLED,2011,500,2100,DISABLED,DISABLED,2024,500,2100,DISABLED,DISABLED,2018,500,2100,DISABLED,DISABLED,1500,900,1500,N/A,DISABLED,53,914,1680,N/A,ENABLED,53,914,1680,N/A,ENABLED,53,914,1680,N/A,ENABLED,53,914,1680,N/A,ENABLED,44,711,1400,N/A,ENABLED,44,711,1400,N/A,ENABLED,44,711,1400,N/A,ENABLED,44,711,1400,N/A,ENABLED,N/A,73,76,1,785,N/A,N/A,N/A,N/A,ENABLED,2066,500,2100,DISABLED,DISABLED,2064,500,2100,DISABLED,DISABLED,2074,500,2100,DISABLED,DISABLED,2058,500,2100,DISABLED,DISABLED,2064,500,2100,DISABLED,DISABLED,2065,500,2100,DISABLED,DISABLED,2058,500,2100,DISABLED,DISABLED,2055,500,2100,DISABLED,DISABLED,1500,900,1500,N/A,DISABLED,53,914,1680,N/A,ENABLED,53,914,1680,N/A,ENABLED,53,914,1680,N/A,ENABLED,53,914,1680,N/A,ENABLED,44,711,1400,N/A,ENABLED,44,711,1400,N/A,ENABLED,44,711,1400,N/A,ENABLED,44,711,1400,N/A,ENABLED,N/A,59,62,2,800,N/A,N/A,N/A,N/A,ENABLED,2025,500,2100,DISABLED,DISABLED,2017,500,2100,DISABLED,DISABLED,2029,500,2100,DISABLED,DISABLED,2017,500,2100,DISABLED,DISABLED,2019,500,2100,DISABLED,DISABLED,2004,500,2100,DISABLED,DISABLED,2028,500,2100,DISABLED,DISABLED,2025,500,2100,DISABLED,DISABLED,1500,900,1500,N/A,DISABLED,53,914,1680,N/A,ENABLED,53,914,1680,N/A,ENABLED,53,914,1680,N/A,ENABLED,53,914,1680,N/A,ENABLED,44,711,1400,N/A,ENABLED,44,711,1400,N/A,ENABLED,44,711,1400,N/A,ENABLED,44,711,1400,N/A,ENABLED,N/A,60,65,3,847,N/A,N/A,N/A,N/A,ENABLED,1934,500,2100,DISABLED,DISABLED,1931,500,2100,DISABLED,DISABLED,1937,500,2100,DISABLED,DISABLED,1933,500,2100,DISABLED,DISABLED,1924,500,2100,DISABLED,DISABLED,1921,500,2100,DISABLED,DISABLED,1927,500,2100,DISABLED,DISABLED,1922,500,2100,DISABLED,DISABLED,1500,900,1500,N/A,DISABLED,53,914,1680,N/A,ENABLED,53,914,1680,N/A,ENABLED,53,914,1680,N/A,ENABLED,53,914,1680,N/A,ENABLED,44,711,1400,N/A,ENABLED,44,711,1400,N/A,ENABLED,44,711,1400,N/A,ENABLED,44,711,1400,N/A,ENABLED,N/A,80,78,4,832,N/A,N/A,N/A,N/A,ENABLED,2039,500,2100,DISABLED,DISABLED,2034,500,2100,DISABLED,DISABLED,2047,500,2100,DISABLED,DISABLED,2034,500,2100,DISABLED,DISABLED,2041,500,2100,DISABLED,DISABLED,2037,500,2100,DISABLED,DISABLED,2039,500,2100,DISABLED,DISABLED,2026,500,2100,DISABLED,DISABLED,1500,900,1500,N/A,DISABLED,53,914,1680,N/A,ENABLED,53,914,1680,N/A,ENABLED,53,914,1680,N/A,ENABLED,53,914,1680,N/A,ENABLED,44,711,1400,N/A,ENABLED,44,711,1400,N/A,ENABLED,44,711,1400,N/A,ENABLED,44,711,1400,N/A,ENABLED,N/A,74,77,5,812,N/A,N/A,N/A,N/A,ENABLED,2057,500,2100,DISABLED,DISABLED,2054,500,2100,DISABLED,DISABLED,2056,500,2100,DISABLED,DISABLED,2053,500,2100,DISABLED,DISABLED,2064,500,2100,DISABLED,DISABLED,2048,500,2100,DISABLED,DISABLED,2063,500,2100,DISABLED,DISABLED,2051,500,2100,DISABLED,DISABLED,1500,900,1500,N/A,DISABLED,53,914,1680,N/A,ENABLED,53,914,1680,N/A,ENABLED,53,914,1680,N/A,ENABLED,53,914,1680,N/A,ENABLED,44,711,1400,N/A,ENABLED,44,711,1400,N/A,ENABLED,44,711,1400,N/A,ENABLED,44,711,1400,N/A,ENABLED,N/A,59,63,6,857,N/A,N/A,N/A,N/A,ENABLED,1948,500,2100,DISABLED,DISABLED,1941,500,2100,DISABLED,DISABLED,1963,500,2100,DISABLED,DISABLED,1953,500,2100,DISABLED,DISABLED,1955,500,2100,DISABLED,DISABLED,1938,500,2100,DISABLED,DISABLED,1952,500,2100,DISABLED,DISABLED,1948,500,2100,DISABLED,DISABLED,1500,900,1500,N/A,DISABLED,53,914,1680,N/A,ENABLED,53,914,1680,N/A,ENABLED,53,914,1680,N/A,ENABLED,53,914,1680,N/A,ENABLED,44,711,1400,N/A,ENABLED,44,711,1400,N/A,ENABLED,44,711,1400,N/A,ENABLED,44,711,1400,N/A,ENABLED,N/A,76,78,7,815,N/A,N/A,N/A,N/A,ENABLED,2042,500,2100,DISABLED,DISABLED,2038,500,2100,DISABLED,DISABLED,2049,500,2100,DISABLED,DISABLED,2045,500,2100,DISABLED,DISABLED,2048,500,2100,DISABLED,DISABLED,2038,500,2100,DISABLED,DISABLED,2053,500,2100,DISABLED,DISABLED,2042,500,2100,DISABLED,DISABLED,1500,900,1500,N/A,DISABLED,53,914,1680,N/A,ENABLED,53,914,1680,N/A,ENABLED,53,914,1680,N/A,ENABLED,53,914,1680,N/A,ENABLED,44,711,1400,N/A,ENABLED,44,711,1400,N/A,ENABLED,44,711,1400,N/A,ENABLED,44,711,1400,N/A,ENABLED,N/A,64,64
1743961126,0,835,N/A,N/A,N/A,N/A,ENABLED,2017,500,2100,DISABLED,DISABLED,2002,500,2100,DISABLED,DISABLED,2016,500,2100,DISABLED,DISABLED,2018,500,2100,DISABLED,DISABLED,2020,500,2100,DISABLED,DISABLED,2008,500,2100,DISABLED,DISABLED,2021,500,2100,DISABLED,DISABLED,2015,500,2100,DISABLED,DISABLED,1500,900,1500,N/A,DISABLED,53,914,1680,N/A,ENABLED,53,914,1680,N/A,ENABLED,53,914,1680,N/A,ENABLED,53,914,1680,N/A,ENABLED,44,711,1400,N/A,ENABLED,44,711,1400,N/A,ENABLED,44,711,1400,N/A,ENABLED,44,711,1400,N/A,ENABLED,N/A,73,76,1,786,N/A,N/A,N/A,N/A,ENABLED,2066,500,2100,DISABLED,DISABLED,2064,500,2100,DISABLED,DISABLED,2076,500,2100,DISABLED,DISABLED,2060,500,2100,DISABLED,DISABLED,2064,500,2100,DISABLED,DISABLED,2065,500,2100,DISABLED,DISABLED,2058,500,2100,DISABLED,DISABLED,2055,500,2100,DISABLED,DISABLED,1500,900,1500,N/A,DISABLED,53,914,1680,N/A,ENABLED,53,914,1680,N/A,ENABLED,53,914,1680,N/A,ENABLED,53,914,1680,N/A,ENABLED,44,711,1400,N/A,ENABLED,44,711,1400,N/A,ENABLED,44,711,1400,N/A,ENABLED,44,711,1400,N/A,ENABLED,N/A,59,61,2,797,N/A,N/A,N/A,N/A,ENABLED,2027,500,2100,DISABLED,DISABLED,2022,500,2100,DISABLED,DISABLED,2031,500,2100,DISABLED,DISABLED,2019,500,2100,DISABLED,DISABLED,2021,500,2100,DISABLED,DISABLED,2007,500,2100,DISABLED,DISABLED,2030,500,2100,DISABLED,DISABLED,2027,500,2100,DISABLED,DISABLED,1500,900,1500,N/A,DISABLED,53,914,1680,N/A,ENABLED,53,914,1680,N/A,ENABLED,53,914,1680,N/A,ENABLED,53,914,1680,N/A,ENABLED,44,711,1400,N/A,ENABLED,44,711,1400,N/A,ENABLED,44,711,1400,N/A,ENABLED,44,711,1400,N/A,ENABLED,N/A,60,65,3,851,N/A,N/A,N/A,N/A,ENABLED,1936,500,2100,DISABLED,DISABLED,1932,500,2100,DISABLED,DISABLED,1938,500,2100,DISABLED,DISABLED,1934,500,2100,DISABLED,DISABLED,1926,500,2100,DISABLED,DISABLED,1923,500,2100,DISABLED,DISABLED,1930,500,2100,DISABLED,DISABLED,1924,500,2100,DISABLED,DISABLED,1500,900,1500,N/A,DISABLED,53,914,1680,N/A,ENABLED,53,914,1680,N/A,ENABLED,53,914,1680,N/A,ENABLED,53,914,1680,N/A,ENABLED,44,711,1400,N/A,ENABLED,44,711,1400,N/A,ENABLED,44,711,1400,N/A,ENABLED,44,711,1400,N/A,ENABLED,N/A,80,78,4,833,N/A,N/A,N/A,N/A,ENABLED,2040,500,2100,DISABLED,DISABLED,2035,500,2100,DISABLED,DISABLED,2049,500,2100,DISABLED,DISABLED,2035,500,2100,DISABLED,DISABLED,2042,500,2100,DISABLED,DISABLED,2039,500,2100,DISABLED,DISABLED,2039,500,2100,DISABLED,DISABLED,2027,500,2100,DISABLED,DISABLED,1500,900,1500,N/A,DISABLED,53,914,1680,N/A,ENABLED,53,914,1680,N/A,ENABLED,53,914,1680,N/A,ENABLED,53,914,1680,N/A,ENABLED,44,711,1400,N/A,ENABLED,44,711,1400,N/A,ENABLED,44,711,1400,N/A,ENABLED,44,711,1400,N/A,ENABLED,N/A,74,77,5,808,N/A,N/A,N/A,N/A,ENABLED,2057,500,2100,DISABLED,DISABLED,2053,500,2100,DISABLED,DISABLED,2056,500,2100,DISABLED,DISABLED,2052,500,2100,DISABLED,DISABLED,2064,500,2100,DISABLED,DISABLED,2048,500,2100,DISABLED,DISABLED,2064,500,2100,DISABLED,DISABLED,2051,500,2100,DISABLED,DISABLED,1500,900,1500,N/A,DISABLED,53,914,1680,N/A,ENABLED,53,914,1680,N/A,ENABLED,53,914,1680,N/A,ENABLED,53,914,1680,N/A,ENABLED,44,711,1400,N/A,ENABLED,44,711,1400,N/A,ENABLED,44,711,1400,N/A,ENABLED,44,711,1400,N/A,ENABLED,N/A,59,62,6,854,N/A,N/A,N/A,N/A,ENABLED,1947,500,2100,DISABLED,DISABLED,1940,500,2100,DISABLED,DISABLED,1961,500,2100,DISABLED,DISABLED,1950,500,2100,DISABLED,DISABLED,1953,500,2100,DISABLED,DISABLED,1937,500,2100,DISABLED,DISABLED,1950,500,2100,DISABLED,DISABLED,1946,500,2100,DISABLED,DISABLED,1500,900,1500,N/A,DISABLED,53,914,1680,N/A,ENABLED,53,914,1680,N/A,ENABLED,53,914,1680,N/A,ENABLED,53,914,1680,N/A,ENABLED,44,711,1400,N/A,ENABLED,44,711,1400,N/A,ENABLED,44,711,1400,N/A,ENABLED,44,711,1400,N/A,ENABLED,N/A,76,79,7,810,N/A,N/A,N/A,N/A,ENABLED,2042,500,2100,DISABLED,DISABLED,2038,500,2100,DISABLED,DISABLED,2051,500,2100,DISABLED,DISABLED,2046,500,2100,DISABLED,DISABLED,2049,500,2100,DISABLED,DISABLED,2037,500,2100,DISABLED,DISABLED,2054,500,2100,DISABLED,DISABLED,2044,500,2100,DISABLED,DISABLED,1500,900,1500,N/A,DISABLED,53,914,1680,N/A,ENABLED,53,914,1680,N/A,ENABLED,53,914,1680,N/A,ENABLED,53,914,1680,N/A,ENABLED,44,711,1400,N/A,ENABLED,44,711,1400,N/A,ENABLED,44,711,1400,N/A,ENABLED,44,711,1400,N/A,ENABLED,N/A,64,65
1743961127,0,836,N/A,N/A,N/A,N/A,ENABLED,2014,500,2100,DISABLED,DISABLED,1999,500,2100,DISABLED,DISABLED,2013,500,2100,DISABLED,DISABLED,2015,500,2100,DISABLED,DISABLED,2016,500,2100,DISABLED,DISABLED,2005,500,2100,DISABLED,DISABLED,2018,500,2100,DISABLED,DISABLED,2012,500,2100,DISABLED,DISABLED,1500,900,1500,N/A,DISABLED,53,914,1680,N/A,ENABLED,53,914,1680,N/A,ENABLED,53,914,1680,N/A,ENABLED,53,914,1680,N/A,ENABLED,44,711,1400,N/A,ENABLED,44,711,1400,N/A,ENABLED,44,711,1400,N/A,ENABLED,44,711,1400,N/A,ENABLED,N/A,73,76,1,787,N/A,N/A,N/A,N/A,ENABLED,2064,500,2100,DISABLED,DISABLED,2063,500,2100,DISABLED,DISABLED,2075,500,2100,DISABLED,DISABLED,2060,500,2100,DISABLED,DISABLED,2064,500,2100,DISABLED,DISABLED,2064,500,2100,DISABLED,DISABLED,2058,500,2100,DISABLED,DISABLED,2054,500,2100,DISABLED,DISABLED,1500,900,1500,N/A,DISABLED,53,914,1680,N/A,ENABLED,53,914,1680,N/A,ENABLED,53,914,1680,N/A,ENABLED,53,914,1680,N/A,ENABLED,44,711,1400,N/A,ENABLED,44,711,1400,N/A,ENABLED,44,711,1400,N/A,ENABLED,44,711,1400,N/A,ENABLED,N/A,59,62,2,800,N/A,N/A,N/A,N/A,ENABLED,2026,500,2100,DISABLED,DISABLED,2019,500,2100,DISABLED,DISABLED,2031,500,2100,DISABLED,DISABLED,2018,500,2100,DISABLED,DISABLED,2021,500,2100,DISABLED,DISABLED,2007,500,2100,DISABLED,DISABLED,2030,500,2100,DISABLED,DISABLED,2026,500,2100,DISABLED,DISABLED,1500,900,1500,N/A,DISABLED,53,914,1680,N/A,ENABLED,53,914,1680,N/A,ENABLED,53,914,1680,N/A,ENABLED,53,914,1680,N/A,ENABLED,44,711,1400,N/A,ENABLED,44,711,1400,N/A,ENABLED,44,711,1400,N/A,ENABLED,44,711,1400,N/A,ENABLED,N/A,60,64,3,845,N/A,N/A,N/A,N/A,ENABLED,1933,500,2100,DISABLED,DISABLED,1930,500,2100,DISABLED,DISABLED,1936,500,2100,DISABLED,DISABLED,1931,500,2100,DISABLED,DISABLED,1924,500,2100,DISABLED,DISABLED,1920,500,2100,DISABLED,DISABLED,1927,500,2100,DISABLED,DISABLED,1921,500,2100,DISABLED,DISABLED,1500,900,1500,N/A,DISABLED,53,914,1680,N/A,ENABLED,53,914,1680,N/A,ENABLED,53,914,1680,N/A,ENABLED,53,914,1680,N/A,ENABLED,44,711,1400,N/A,ENABLED,44,711,1400,N/A,ENABLED,44,711,1400,N/A,ENABLED,44,711,1400,N/A,ENABLED,N/A,80,78,4,838,N/A,N/A,N/A,N/A,ENABLED,2038,500,2100,DISABLED,DISABLED,2032,500,2100,DISABLED,DISABLED,2046,500,2100,DISABLED,DISABLED,2032,500,2100,DISABLED,DISABLED,2039,500,2100,DISABLED,DISABLED,2035,500,2100,DISABLED,DISABLED,2036,500,2100,DISABLED,DISABLED,2024,500,2100,DISABLED,DISABLED,1500,900,1500,N/A,DISABLED,53,914,1680,N/A,ENABLED,53,914,1680,N/A,ENABLED,53,914,1680,N/A,ENABLED,53,914,1680,N/A,ENABLED,44,711,1400,N/A,ENABLED,44,711,1400,N/A,ENABLED,44,711,1400,N/A,ENABLED,44,711,1400,N/A,ENABLED,N/A,74,77,5,813,N/A,N/A,N/A,N/A,ENABLED,2057,500,2100,DISABLED,DISABLED,2054,500,2100,DISABLED,DISABLED,2056,500,2100,DISABLED,DISABLED,2052,500,2100,DISABLED,DISABLED,2063,500,2100,DISABLED,DISABLED,2049,500,2100,DISABLED,DISABLED,2063,500,2100,DISABLED,DISABLED,2052,500,2100,DISABLED,DISABLED,1500,900,1500,N/A,DISABLED,53,914,1680,N/A,ENABLED,53,914,1680,N/A,ENABLED,53,914,1680,N/A,ENABLED,53,914,1680,N/A,ENABLED,44,711,1400,N/A,ENABLED,44,711,1400,N/A,ENABLED,44,711,1400,N/A,ENABLED,44,711,1400,N/A,ENABLED,N/A,59,62,6,849,N/A,N/A,N/A,N/A,ENABLED,1949,500,2100,DISABLED,DISABLED,1942,500,2100,DISABLED,DISABLED,1965,500,2100,DISABLED,DISABLED,1954,500,2100,DISABLED,DISABLED,1957,500,2100,DISABLED,DISABLED,1939,500,2100,DISABLED,DISABLED,1954,500,2100,DISABLED,DISABLED,1949,500,2100,DISABLED,DISABLED,1500,900,1500,N/A,DISABLED,53,914,1680,N/A,ENABLED,53,914,1680,N/A,ENABLED,53,914,1680,N/A,ENABLED,53,914,1680,N/A,ENABLED,44,711,1400,N/A,ENABLED,44,711,1400,N/A,ENABLED,44,711,1400,N/A,ENABLED,44,711,1400,N/A,ENABLED,N/A,76,79,7,809,N/A,N/A,N/A,N/A,ENABLED,2042,500,2100,DISABLED,DISABLED,2039,500,2100,DISABLED,DISABLED,2051,500,2100,DISABLED,DISABLED,2046,500,2100,DISABLED,DISABLED,2049,500,2100,DISABLED,DISABLED,2038,500,2100,DISABLED,DISABLED,2054,500,2100,DISABLED,DISABLED,2043,500,2100,DISABLED,DISABLED,1500,900,1500,N/A,DISABLED,53,914,1680,N/A,ENABLED,53,914,1680,N/A,ENABLED,53,914,1680,N/A,ENABLED,53,914,1680,N/A,ENABLED,44,711,1400,N/A,ENABLED,44,711,1400,N/A,ENABLED,44,711,1400,N/A,ENABLED,44,711,1400,N/A,ENABLED,N/A,64,64
1743961128,0,835,N/A,N/A,N/A,N/A,ENABLED,2013,500,2100,DISABLED,DISABLED,1998,500,2100,DISABLED,DISABLED,2013,500,2100,DISABLED,DISABLED,2014,500,2100,DISABLED,DISABLED,2016,500,2100,DISABLED,DISABLED,2005,500,2100,DISABLED,DISABLED,2017,500,2100,DISABLED,DISABLED,2013,500,2100,DISABLED,DISABLED,1500,900,1500,N/A,DISABLED,53,914,1680,N/A,ENABLED,53,914,1680,N/A,ENABLED,53,914,1680,N/A,ENABLED,53,914,1680,N/A,ENABLED,44,711,1400,N/A,ENABLED,44,711,1400,N/A,ENABLED,44,711,1400,N/A,ENABLED,44,711,1400,N/A,ENABLED,N/A,73,75,1,788,N/A,N/A,N/A,N/A,ENABLED,2064,500,2100,DISABLED,DISABLED,2062,500,2100,DISABLED,DISABLED,2074,500,2100,DISABLED,DISABLED,2058,500,2100,DISABLED,DISABLED,2063,500,2100,DISABLED,DISABLED,2063,500,2100,DISABLED,DISABLED,2057,500,2100,DISABLED,DISABLED,2054,500,2100,DISABLED,DISABLED,1500,900,1500,N/A,DISABLED,53,914,1680,N/A,ENABLED,53,914,1680,N/A,ENABLED,53,914,1680,N/A,ENABLED,53,914,1680,N/A,ENABLED,44,711,1400,N/A,ENABLED,44,711,1400,N/A,ENABLED,44,711,1400,N/A,ENABLED,44,711,1400,N/A,ENABLED,N/A,59,62,2,803,N/A,N/A,N/A,N/A,ENABLED,2025,500,2100,DISABLED,DISABLED,2016,500,2100,DISABLED,DISABLED,2029,500,2100,DISABLED,DISABLED,2017,500,2100,DISABLED,DISABLED,2018,500,2100,DISABLED,DISABLED,2005,500,2100,DISABLED,DISABLED,2028,500,2100,DISABLED,DISABLED,2025,500,2100,DISABLED,DISABLED,1500,900,1500,N/A,DISABLED,53,914,1680,N/A,ENABLED,53,914,1680,N/A,ENABLED,53,914,1680,N/A,ENABLED,53,914,1680,N/A,ENABLED,44,711,1400,N/A,ENABLED,44,711,1400,N/A,ENABLED,44,711,1400,N/A,ENABLED,44,711,1400,N/A,ENABLED,N/A,60,65,3,846,N/A,N/A,N/A,N/A,ENABLED,1928,500,2100,DISABLED,DISABLED,1924,500,2100,DISABLED,DISABLED,1931,500,2100,DISABLED,DISABLED,1926,500,2100,DISABLED,DISABLED,1919,500,2100,DISABLED,DISABLED,1915,500,2100,DISABLED,DISABLED,1923,500,2100,DISABLED,DISABLED,1915,500,2100,DISABLED,DISABLED,1500,900,1500,N/A,DISABLED,53,914,1680,N/A,ENABLED,53,914,1680,N/A,ENABLED,53,914,1680,N/A,ENABLED,53,914,1680,N/A,ENABLED,44,711,1400,N/A,ENABLED,44,711,1400,N/A,ENABLED,44,711,1400,N/A,ENABLED,44,711,1400,N/A,ENABLED,N/A,80,78,4,836,N/A,N/A,N/A,N/A,ENABLED,2037,500,2100,DISABLED,DISABLED,2031,500,2100,DISABLED,DISABLED,2045,500,2100,DISABLED,DISABLED,2031,500,2100,DISABLED,DISABLED,2039,500,2100,DISABLED,DISABLED,2034,500,2100,DISABLED,DISABLED,2036,500,2100,DISABLED,DISABLED,2024,500,2100,DISABLED,DISABLED,1500,900,1500,N/A,DISABLED,53,914,1680,N/A,ENABLED,53,914,1680,N/A,ENABLED,53,914,1680,N/A,ENABLED,53,914,1680,N/A,ENABLED,44,711,1400,N/A,ENABLED,44,711,1400,N/A,ENABLED,44,711,1400,N/A,ENABLED,44,711,1400,N/A,ENABLED,N/A,74,76,5,806,N/A,N/A,N/A,N/A,ENABLED,2056,500,2100,DISABLED,DISABLED,2053,500,2100,DISABLED,DISABLED,2056,500,2100,DISABLED,DISABLED,2052,500,2100,DISABLED,DISABLED,2063,500,2100,DISABLED,DISABLED,2048,500,2100,DISABLED,DISABLED,2064,500,2100,DISABLED,DISABLED,2051,500,2100,DISABLED,DISABLED,1500,900,1500,N/A,DISABLED,53,914,1680,N/A,ENABLED,53,914,1680,N/A,ENABLED,53,914,1680,N/A,ENABLED,53,914,1680,N/A,ENABLED,44,711,1400,N/A,ENABLED,44,711,1400,N/A,ENABLED,44,711,1400,N/A,ENABLED,44,711,1400,N/A,ENABLED,N/A,59,62,6,856,N/A,N/A,N/A,N/A,ENABLED,1959,500,2100,DISABLED,DISABLED,1951,500,2100,DISABLED,DISABLED,1974,500,2100,DISABLED,DISABLED,1963,500,2100,DISABLED,DISABLED,1966,500,2100,DISABLED,DISABLED,1950,500,2100,DISABLED,DISABLED,1963,500,2100,DISABLED,DISABLED,1959,500,2100,DISABLED,DISABLED,1500,900,1500,N/A,DISABLED,53,914,1680,N/A,ENABLED,53,914,1680,N/A,ENABLED,53,914,1680,N/A,ENABLED,53,914,1680,N/A,ENABLED,44,711,1400,N/A,ENABLED,44,711,1400,N/A,ENABLED,44,711,1400,N/A,ENABLED,44,711,1400,N/A,ENABLED,N/A,76,78,7,814,N/A,N/A,N/A,N/A,ENABLED,2047,500,2100,DISABLED,DISABLED,2043,500,2100,DISABLED,DISABLED,2056,500,2100,DISABLED,DISABLED,2050,500,2100,DISABLED,DISABLED,2053,500,2100,DISABLED,DISABLED,2042,500,2100,DISABLED,DISABLED,2059,500,2100,DISABLED,DISABLED,2047,500,2100,DISABLED,DISABLED,1500,900,1500,N/A,DISABLED,53,914,1680,N/A,ENABLED,53,914,1680,N/A,ENABLED,53,914,1680,N/A,ENABLED,53,914,1680,N/A,ENABLED,44,711,1400,N/A,ENABLED,44,711,1400,N/A,ENABLED,44,711,1400,N/A,ENABLED,44,711,1400,N/A,ENABLED,N/A,64,64
1743961129,0,830,N/A,N/A,N/A,N/A,ENABLED,2011,500,2100,DISABLED,DISABLED,1997,500,2100,DISABLED,DISABLED,2011,500,2100,DISABLED,DISABLED,2012,500,2100,DISABLED,DISABLED,2015,500,2100,DISABLED,DISABLED,2003,500,2100,DISABLED,DISABLED,2015,500,2100,DISABLED,DISABLED,2010,500,2100,DISABLED,DISABLED,1500,900,1500,N/A,DISABLED,53,914,1680,N/A,ENABLED,53,914,1680,N/A,ENABLED,53,914,1680,N/A,ENABLED,53,914,1680,N/A,ENABLED,44,711,1400,N/A,ENABLED,44,711,1400,N/A,ENABLED,44,711,1400,N/A,ENABLED,44,711,1400,N/A,ENABLED,N/A,73,75,1,788,N/A,N/A,N/A,N/A,ENABLED,2065,500,2100,DISABLED,DISABLED,2064,500,2100,DISABLED,DISABLED,2076,500,2100,DISABLED,DISABLED,2059,500,2100,DISABLED,DISABLED,2064,500,2100,DISABLED,DISABLED,2064,500,2100,DISABLED,DISABLED,2058,500,2100,DISABLED,DISABLED,2054,500,2100,DISABLED,DISABLED,1500,900,1500,N/A,DISABLED,53,914,1680,N/A,ENABLED,53,914,1680,N/A,ENABLED,53,914,1680,N/A,ENABLED,53,914,1680,N/A,ENABLED,44,711,1400,N/A,ENABLED,44,711,1400,N/A,ENABLED,44,711,1400,N/A,ENABLED,44,711,1400,N/A,ENABLED,N/A,59,62,2,795,N/A,N/A,N/A,N/A,ENABLED,2029,500,2100,DISABLED,DISABLED,2021,500,2100,DISABLED,DISABLED,2033,500,2100,DISABLED,DISABLED,2021,500,2100,DISABLED,DISABLED,2023,500,2100,DISABLED,DISABLED,2009,500,2100,DISABLED,DISABLED,2032,500,2100,DISABLED,DISABLED,2029,500,2100,DISABLED,DISABLED,1500,900,1500,N/A,DISABLED,53,914,1680,N/A,ENABLED,53,914,1680,N/A,ENABLED,53,914,1680,N/A,ENABLED,53,914,1680,N/A,ENABLED,44,711,1400,N/A,ENABLED,44,711,1400,N/A,ENABLED,44,711,1400,N/A,ENABLED,44,711,1400,N/A,ENABLED,N/A,60,64,3,843,N/A,N/A,N/A,N/A,ENABLED,1931,500,2100,DISABLED,DISABLED,1928,500,2100,DISABLED,DISABLED,1935,500,2100,DISABLED,DISABLED,1929,500,2100,DISABLED,DISABLED,1922,500,2100,DISABLED,DISABLED,1918,500,2100,DISABLED,DISABLED,1926,500,2100,DISABLED,DISABLED,1919,500,2100,DISABLED,DISABLED,1500,900,1500,N/A,DISABLED,53,914,1680,N/A,ENABLED,53,914,1680,N/A,ENABLED,53,914,1680,N/A,ENABLED,53,914,1680,N/A,ENABLED,44,711,1400,N/A,ENABLED,44,711,1400,N/A,ENABLED,44,711,1400,N/A,ENABLED,44,711,1400,N/A,ENABLED,N/A,80,77,4,833,N/A,N/A,N/A,N/A,ENABLED,2038,500,2100,DISABLED,DISABLED,2032,500,2100,DISABLED,DISABLED,2046,500,2100,DISABLED,DISABLED,2032,500,2100,DISABLED,DISABLED,2039,500,2100,DISABLED,DISABLED,2036,500,2100,DISABLED,DISABLED,2037,500,2100,DISABLED,DISABLED,2025,500,2100,DISABLED,DISABLED,1500,900,1500,N/A,DISABLED,53,914,1680,N/A,ENABLED,53,914,1680,N/A,ENABLED,53,914,1680,N/A,ENABLED,53,914,1680,N/A,ENABLED,44,711,1400,N/A,ENABLED,44,711,1400,N/A,ENABLED,44,711,1400,N/A,ENABLED,44,711,1400,N/A,ENABLED,N/A,74,77,5,812,N/A,N/A,N/A,N/A,ENABLED,2057,500,2100,DISABLED,DISABLED,2054,500,2100,DISABLED,DISABLED,2057,500,2100,DISABLED,DISABLED,2053,500,2100,DISABLED,DISABLED,2063,500,2100,DISABLED,DISABLED,2049,500,2100,DISABLED,DISABLED,2064,500,2100,DISABLED,DISABLED,2051,500,2100,DISABLED,DISABLED,1500,900,1500,N/A,DISABLED,53,914,1680,N/A,ENABLED,53,914,1680,N/A,ENABLED,53,914,1680,N/A,ENABLED,53,914,1680,N/A,ENABLED,44,711,1400,N/A,ENABLED,44,711,1400,N/A,ENABLED,44,711,1400,N/A,ENABLED,44,711,1400,N/A,ENABLED,N/A,59,62,6,855,N/A,N/A,N/A,N/A,ENABLED,1956,500,2100,DISABLED,DISABLED,1949,500,2100,DISABLED,DISABLED,1972,500,2100,DISABLED,DISABLED,1961,500,2100,DISABLED,DISABLED,1964,500,2100,DISABLED,DISABLED,1947,500,2100,DISABLED,DISABLED,1960,500,2100,DISABLED,DISABLED,1956,500,2100,DISABLED,DISABLED,1500,900,1500,N/A,DISABLED,53,914,1680,N/A,ENABLED,53,914,1680,N/A,ENABLED,53,914,1680,N/A,ENABLED,53,914,1680,N/A,ENABLED,44,711,1400,N/A,ENABLED,44,711,1400,N/A,ENABLED,44,711,1400,N/A,ENABLED,44,711,1400,N/A,ENABLED,N/A,76,79,7,810,N/A,N/A,N/A,N/A,ENABLED,2046,500,2100,DISABLED,DISABLED,2042,500,2100,DISABLED,DISABLED,2054,500,2100,DISABLED,DISABLED,2050,500,2100,DISABLED,DISABLED,2053,500,2100,DISABLED,DISABLED,2042,500,2100,DISABLED,DISABLED,2059,500,2100,DISABLED,DISABLED,2048,500,2100,DISABLED,DISABLED,1500,900,1500,N/A,DISABLED,53,914,1680,N/A,ENABLED,53,914,1680,N/A,ENABLED,53,914,1680,N/A,ENABLED,53,914,1680,N/A,ENABLED,44,711,1400,N/A,ENABLED,44,711,1400,N/A,ENABLED,44,711,1400,N/A,ENABLED,44,711,1400,N/A,ENABLED,N/A,64,65
1743961131,0,837,N/A,N/A,N/A,N/A,ENABLED,2011,500,2100,DISABLED,DISABLED,1997,500,2100,DISABLED,DISABLED,2011,500,2100,DISABLED,DISABLED,2012,500,2100,DISABLED,DISABLED,2015,500,2100,DISABLED,DISABLED,2003,500,2100,DISABLED,DISABLED,2015,500,2100,DISABLED,DISABLED,2010,500,2100,DISABLED,DISABLED,1500,900,1500,N/A,DISABLED,53,914,1680,N/A,ENABLED,53,914,1680,N/A,ENABLED,53,914,1680,N/A,ENABLED,53,914,1680,N/A,ENABLED,44,711,1400,N/A,ENABLED,44,711,1400,N/A,ENABLED,44,711,1400,N/A,ENABLED,44,711,1400,N/A,ENABLED,N/A,73,75,1,789,N/A,N/A,N/A,N/A,ENABLED,2063,500,2100,DISABLED,DISABLED,2061,500,2100,DISABLED,DISABLED,2073,500,2100,DISABLED,DISABLED,2057,500,2100,DISABLED,DISABLED,2062,500,2100,DISABLED,DISABLED,2062,500,2100,DISABLED,DISABLED,2056,500,2100,DISABLED,DISABLED,2052,500,2100,DISABLED,DISABLED,1500,900,1500,N/A,DISABLED,53,914,1680,N/A,ENABLED,53,914,1680,N/A,ENABLED,53,914,1680,N/A,ENABLED,53,914,1680,N/A,ENABLED,44,711,1400,N/A,ENABLED,44,711,1400,N/A,ENABLED,44,711,1400,N/A,ENABLED,44,711,1400,N/A,ENABLED,N/A,59,62,2,799,N/A,N/A,N/A,N/A,ENABLED,2027,500,2100,DISABLED,DISABLED,2019,500,2100,DISABLED,DISABLED,2032,500,2100,DISABLED,DISABLED,2020,500,2100,DISABLED,DISABLED,2022,500,2100,DISABLED,DISABLED,2008,500,2100,DISABLED,DISABLED,2032,500,2100,DISABLED,DISABLED,2028,500,2100,DISABLED,DISABLED,1500,900,1500,N/A,DISABLED,53,914,1680,N/A,ENABLED,53,914,1680,N/A,ENABLED,53,914,1680,N/A,ENABLED,53,914,1680,N/A,ENABLED,44,711,1400,N/A,ENABLED,44,711,1400,N/A,ENABLED,44,711,1400,N/A,ENABLED,44,711,1400,N/A,ENABLED,N/A,60,64,3,845,N/A,N/A,N/A,N/A,ENABLED,1930,500,2100,DISABLED,DISABLED,1928,500,2100,DISABLED,DISABLED,1934,500,2100,DISABLED,DISABLED,1929,500,2100,DISABLED,DISABLED,1922,500,2100,DISABLED,DISABLED,1917,500,2100,DISABLED,DISABLED,1925,500,2100,DISABLED,DISABLED,1918,500,2100,DISABLED,DISABLED,1500,900,1500,N/A,DISABLED,53,914,1680,N/A,ENABLED,53,914,1680,N/A,ENABLED,53,914,1680,N/A,ENABLED,53,914,1680,N/A,ENABLED,44,711,1400,N/A,ENABLED,44,711,1400,N/A,ENABLED,44,711,1400,N/A,ENABLED,44,711,1400,N/A,ENABLED,N/A,80,78,4,836,N/A,N/A,N/A,N/A,ENABLED,2036,500,2100,DISABLED,DISABLED,2029,500,2100,DISABLED,DISABLED,2044,500,2100,DISABLED,DISABLED,2029,500,2100,DISABLED,DISABLED,2036,500,2100,DISABLED,DISABLED,2032,500,2100,DISABLED,DISABLED,2034,500,2100,DISABLED,DISABLED,2022,500,2100,DISABLED,DISABLED,1500,900,1500,N/A,DISABLED,53,914,1680,N/A,ENABLED,53,914,1680,N/A,ENABLED,53,914,1680,N/A,ENABLED,53,914,1680,N/A,ENABLED,44,711,1400,N/A,ENABLED,44,711,1400,N/A,ENABLED,44,711,1400,N/A,ENABLED,44,711,1400,N/A,ENABLED,N/A,74,76,5,807,N/A,N/A,N/A,N/A,ENABLED,2056,500,2100,DISABLED,DISABLED,2053,500,2100,DISABLED,DISABLED,2055,500,2100,DISABLED,DISABLED,2051,500,2100,DISABLED,DISABLED,2062,500,2100,DISABLED,DISABLED,2048,500,2100,DISABLED,DISABLED,2063,500,2100,DISABLED,DISABLED,2050,500,2100,DISABLED,DISABLED,1500,900,1500,N/A,DISABLED,53,914,1680,N/A,ENABLED,53,914,1680,N/A,ENABLED,53,914,1680,N/A,ENABLED,53,914,1680,N/A,ENABLED,44,711,1400,N/A,ENABLED,44,711,1400,N/A,ENABLED,44,711,1400,N/A,ENABLED,44,711,1400,N/A,ENABLED,N/A,59,62,6,852,N/A,N/A,N/A,N/A,ENABLED,1953,500,2100,DISABLED,DISABLED,1945,500,2100,DISABLED,DISABLED,1968,500,2100,DISABLED,DISABLED,1958,500,2100,DISABLED,DISABLED,1961,500,2100,DISABLED,DISABLED,1944,500,2100,DISABLED,DISABLED,1958,500,2100,DISABLED,DISABLED,1953,500,2100,DISABLED,DISABLED,1500,900,1500,N/A,DISABLED,53,914,1680,N/A,ENABLED,53,914,1680,N/A,ENABLED,53,914,1680,N/A,ENABLED,53,914,1680,N/A,ENABLED,44,711,1400,N/A,ENABLED,44,711,1400,N/A,ENABLED,44,711,1400,N/A,ENABLED,44,711,1400,N/A,ENABLED,N/A,76,79,7,810,N/A,N/A,N/A,N/A,ENABLED,2044,500,2100,DISABLED,DISABLED,2040,500,2100,DISABLED,DISABLED,2052,500,2100,DISABLED,DISABLED,2047,500,2100,DISABLED,DISABLED,2050,500,2100,DISABLED,DISABLED,2039,500,2100,DISABLED,DISABLED,2056,500,2100,DISABLED,DISABLED,2044,500,2100,DISABLED,DISABLED,1500,900,1500,N/A,DISABLED,53,914,1680,N/A,ENABLED,53,914,1680,N/A,ENABLED,53,914,1680,N/A,ENABLED,53,914,1680,N/A,ENABLED,44,711,1400,N/A,ENABLED,44,711,1400,N/A,ENABLED,44,711,1400,N/A,ENABLED,44,711,1400,N/A,ENABLED,N/A,64,65
1743961132,0,835,N/A,N/A,N/A,N/A,ENABLED,2010,500,2100,DISABLED,DISABLED,1996,500,2100,DISABLED,DISABLED,2010,500,2100,DISABLED,DISABLED,2012,500,2100,DISABLED,DISABLED,2014,500,2100,DISABLED,DISABLED,2002,500,2100,DISABLED,DISABLED,2014,500,2100,DISABLED,DISABLED,2009,500,2100,DISABLED,DISABLED,1500,900,1500,N/A,DISABLED,53,914,1680,N/A,ENABLED,53,914,1680,N/A,ENABLED,53,914,1680,N/A,ENABLED,53,914,1680,N/A,ENABLED,44,711,1400,N/A,ENABLED,44,711,1400,N/A,ENABLED,44,711,1400,N/A,ENABLED,44,711,1400,N/A,ENABLED,N/A,73,76,1,789,N/A,N/A,N/A,N/A,ENABLED,2063,500,2100,DISABLED,DISABLED,2061,500,2100,DISABLED,DISABLED,2073,500,2100,DISABLED,DISABLED,2057,500,2100,DISABLED,DISABLED,2062,500,2100,DISABLED,DISABLED,2062,500,2100,DISABLED,DISABLED,2056,500,2100,DISABLED,DISABLED,2053,500,2100,DISABLED,DISABLED,1500,900,1500,N/A,DISABLED,53,914,1680,N/A,ENABLED,53,914,1680,N/A,ENABLED,53,914,1680,N/A,ENABLED,53,914,1680,N/A,ENABLED,44,711,1400,N/A,ENABLED,44,711,1400,N/A,ENABLED,44,711,1400,N/A,ENABLED,44,711,1400,N/A,ENABLED,N/A,59,62,2,802,N/A,N/A,N/A,N/A,ENABLED,2028,500,2100,DISABLED,DISABLED,2020,500,2100,DISABLED,DISABLED,2032,500,2100,DISABLED,DISABLED,2021,500,2100,DISABLED,DISABLED,2022,500,2100,DISABLED,DISABLED,2008,500,2100,DISABLED,DISABLED,2032,500,2100,DISABLED,DISABLED,2029,500,2100,DISABLED,DISABLED,1500,900,1500,N/A,DISABLED,53,914,1680,N/A,ENABLED,53,914,1680,N/A,ENABLED,53,914,1680,N/A,ENABLED,53,914,1680,N/A,ENABLED,44,711,1400,N/A,ENABLED,44,711,1400,N/A,ENABLED,44,711,1400,N/A,ENABLED,44,711,1400,N/A,ENABLED,N/A,60,65,3,843,N/A,N/A,N/A,N/A,ENABLED,1932,500,2100,DISABLED,DISABLED,1928,500,2100,DISABLED,DISABLED,1935,500,2100,DISABLED,DISABLED,1931,500,2100,DISABLED,DISABLED,1923,500,2100,DISABLED,DISABLED,1920,500,2100,DISABLED,DISABLED,1925,500,2100,DISABLED,DISABLED,1920,500,2100,DISABLED,DISABLED,1500,900,1500,N/A,DISABLED,53,914,1680,N/A,ENABLED,53,914,1680,N/A,ENABLED,53,914,1680,N/A,ENABLED,53,914,1680,N/A,ENABLED,44,711,1400,N/A,ENABLED,44,711,1400,N/A,ENABLED,44,711,1400,N/A,ENABLED,44,711,1400,N/A,ENABLED,N/A,80,77,4,837,N/A,N/A,N/A,N/A,ENABLED,2034,500,2100,DISABLED,DISABLED,2028,500,2100,DISABLED,DISABLED,2042,500,2100,DISABLED,DISABLED,2028,500,2100,DISABLED,DISABLED,2036,500,2100,DISABLED,DISABLED,2032,500,2100,DISABLED,DISABLED,2032,500,2100,DISABLED,DISABLED,2021,500,2100,DISABLED,DISABLED,1500,900,1500,N/A,DISABLED,53,914,1680,N/A,ENABLED,53,914,1680,N/A,ENABLED,53,914,1680,N/A,ENABLED,53,914,1680,N/A,ENABLED,44,711,1400,N/A,ENABLED,44,711,1400,N/A,ENABLED,44,711,1400,N/A,ENABLED,44,711,1400,N/A,ENABLED,N/A,74,77,5,808,N/A,N/A,N/A,N/A,ENABLED,2057,500,2100,DISABLED,DISABLED,2052,500,2100,DISABLED,DISABLED,2055,500,2100,DISABLED,DISABLED,2051,500,2100,DISABLED,DISABLED,2062,500,2100,DISABLED,DISABLED,2048,500,2100,DISABLED,DISABLED,2063,500,2100,DISABLED,DISABLED,2050,500,2100,DISABLED,DISABLED,1500,900,1500,N/A,DISABLED,53,914,1680,N/A,ENABLED,53,914,1680,N/A,ENABLED,53,914,1680,N/A,ENABLED,53,914,1680,N/A,ENABLED,44,711,1400,N/A,ENABLED,44,711,1400,N/A,ENABLED,44,711,1400,N/A,ENABLED,44,711,1400,N/A,ENABLED,N/A,59,62,6,855,N/A,N/A,N/A,N/A,ENABLED,1953,500,2100,DISABLED,DISABLED,1946,500,2100,DISABLED,DISABLED,1968,500,2100,DISABLED,DISABLED,1957,500,2100,DISABLED,DISABLED,1960,500,2100,DISABLED,DISABLED,1944,500,2100,DISABLED,DISABLED,1957,500,2100,DISABLED,DISABLED,1953,500,2100,DISABLED,DISABLED,1500,900,1500,N/A,DISABLED,53,914,1680,N/A,ENABLED,53,914,1680,N/A,ENABLED,53,914,1680,N/A,ENABLED,53,914,1680,N/A,ENABLED,44,711,1400,N/A,ENABLED,44,711,1400,N/A,ENABLED,44,711,1400,N/A,ENABLED,44,711,1400,N/A,ENABLED,N/A,76,79,7,808,N/A,N/A,N/A,N/A,ENABLED,2045,500,2100,DISABLED,DISABLED,2041,500,2100,DISABLED,DISABLED,2053,500,2100,DISABLED,DISABLED,2048,500,2100,DISABLED,DISABLED,2051,500,2100,DISABLED,DISABLED,2040,500,2100,DISABLED,DISABLED,2058,500,2100,DISABLED,DISABLED,2046,500,2100,DISABLED,DISABLED,1500,900,1500,N/A,DISABLED,53,914,1680,N/A,ENABLED,53,914,1680,N/A,ENABLED,53,914,1680,N/A,ENABLED,53,914,1680,N/A,ENABLED,44,711,1400,N/A,ENABLED,44,711,1400,N/A,ENABLED,44,711,1400,N/A,ENABLED,44,711,1400,N/A,ENABLED,N/A,64,65
1743961133,0,831,N/A,N/A,N/A,N/A,ENABLED,2007,500,2100,DISABLED,DISABLED,1993,500,2100,DISABLED,DISABLED,2007,500,2100,DISABLED,DISABLED,2008,500,2100,DISABLED,DISABLED,2010,500,2100,DISABLED,DISABLED,1998,500,2100,DISABLED,DISABLED,2011,500,2100,DISABLED,DISABLED,2006,500,2100,DISABLED,DISABLED,1500,900,1500,N/A,DISABLED,52,914,1680,N/A,ENABLED,52,914,1680,N/A,ENABLED,52,914,1680,N/A,ENABLED,52,914,1680,N/A,ENABLED,44,711,1400,N/A,ENABLED,44,711,1400,N/A,ENABLED,44,711,1400,N/A,ENABLED,44,711,1400,N/A,ENABLED,N/A,73,75,1,784,N/A,N/A,N/A,N/A,ENABLED,2060,500,2100,DISABLED,DISABLED,2058,500,2100,DISABLED,DISABLED,2071,500,2100,DISABLED,DISABLED,2055,500,2100,DISABLED,DISABLED,2060,500,2100,DISABLED,DISABLED,2059,500,2100,DISABLED,DISABLED,2053,500,2100,DISABLED,DISABLED,2050,500,2100,DISABLED,DISABLED,1500,900,1500,N/A,DISABLED,52,914,1680,N/A,ENABLED,52,914,1680,N/A,ENABLED,52,914,1680,N/A,ENABLED,52,914,1680,N/A,ENABLED,44,711,1400,N/A,ENABLED,44,711,1400,N/A,ENABLED,44,711,1400,N/A,ENABLED,44,711,1400,N/A,ENABLED,N/A,59,62,2,799,N/A,N/A,N/A,N/A,ENABLED,2024,500,2100,DISABLED,DISABLED,2016,500,2100,DISABLED,DISABLED,2029,500,2100,DISABLED,DISABLED,2017,500,2100,DISABLED,DISABLED,2019,500,2100,DISABLED,DISABLED,2004,500,2100,DISABLED,DISABLED,2028,500,2100,DISABLED,DISABLED,2025,500,2100,DISABLED,DISABLED,1500,900,1500,N/A,DISABLED,53,914,1680,N/A,ENABLED,53,914,1680,N/A,ENABLED,53,914,1680,N/A,ENABLED,53,914,1680,N/A,ENABLED,44,711,1400,N/A,ENABLED,44,711,1400,N/A,ENABLED,44,711,1400,N/A,ENABLED,44,711,1400,N/A,ENABLED,N/A,60,65,3,842,N/A,N/A,N/A,N/A,ENABLED,1929,500,2100,DISABLED,DISABLED,1926,500,2100,DISABLED,DISABLED,1933,500,2100,DISABLED,DISABLED,1929,500,2100,DISABLED,DISABLED,1921,500,2100,DISABLED,DISABLED,1917,500,2100,DISABLED,DISABLED,1925,500,2100,DISABLED,DISABLED,1915,500,2100,DISABLED,DISABLED,1500,900,1500,N/A,DISABLED,53,914,1680,N/A,ENABLED,53,914,1680,N/A,ENABLED,53,914,1680,N/A,ENABLED,53,914,1680,N/A,ENABLED,44,711,1400,N/A,ENABLED,44,711,1400,N/A,ENABLED,44,711,1400,N/A,ENABLED,44,711,1400,N/A,ENABLED,N/A,80,78,4,831,N/A,N/A,N/A,N/A,ENABLED,2033,500,2100,DISABLED,DISABLED,2027,500,2100,DISABLED,DISABLED,2041,500,2100,DISABLED,DISABLED,2027,500,2100,DISABLED,DISABLED,2034,500,2100,DISABLED,DISABLED,2030,500,2100,DISABLED,DISABLED,2031,500,2100,DISABLED,DISABLED,2019,500,2100,DISABLED,DISABLED,1500,900,1500,N/A,DISABLED,53,914,1680,N/A,ENABLED,53,914,1680,N/A,ENABLED,53,914,1680,N/A,ENABLED,53,914,1680,N/A,ENABLED,44,711,1400,N/A,ENABLED,44,711,1400,N/A,ENABLED,44,711,1400,N/A,ENABLED,44,711,1400,N/A,ENABLED,N/A,74,77,5,803,N/A,N/A,N/A,N/A,ENABLED,2053,500,2100,DISABLED,DISABLED,2050,500,2100,DISABLED,DISABLED,2053,500,2100,DISABLED,DISABLED,2049,500,2100,DISABLED,DISABLED,2061,500,2100,DISABLED,DISABLED,2046,500,2100,DISABLED,DISABLED,2061,500,2100,DISABLED,DISABLED,2048,500,2100,DISABLED,DISABLED,1500,900,1500,N/A,DISABLED,52,914,1680,N/A,ENABLED,52,914,1680,N/A,ENABLED,52,914,1680,N/A,ENABLED,52,914,1680,N/A,ENABLED,44,711,1400,N/A,ENABLED,44,711,1400,N/A,ENABLED,44,711,1400,N/A,ENABLED,44,711,1400,N/A,ENABLED,N/A,59,63,6,847,N/A,N/A,N/A,N/A,ENABLED,1961,500,2100,DISABLED,DISABLED,1954,500,2100,DISABLED,DISABLED,1976,500,2100,DISABLED,DISABLED,1965,500,2100,DISABLED,DISABLED,1968,500,2100,DISABLED,DISABLED,1952,500,2100,DISABLED,DISABLED,1966,500,2100,DISABLED,DISABLED,1961,500,2100,DISABLED,DISABLED,1500,900,1500,N/A,DISABLED,52,914,1680,N/A,ENABLED,52,914,1680,N/A,ENABLED,52,914,1680,N/A,ENABLED,52,914,1680,N/A,ENABLED,44,711,1400,N/A,ENABLED,44,711,1400,N/A,ENABLED,44,711,1400,N/A,ENABLED,44,711,1400,N/A,ENABLED,N/A,76,79,7,813,N/A,N/A,N/A,N/A,ENABLED,2040,500,2100,DISABLED,DISABLED,2036,500,2100,DISABLED,DISABLED,2048,500,2100,DISABLED,DISABLED,2043,500,2100,DISABLED,DISABLED,2047,500,2100,DISABLED,DISABLED,2035,500,2100,DISABLED,DISABLED,2052,500,2100,DISABLED,DISABLED,2041,500,2100,DISABLED,DISABLED,1500,900,1500,N/A,DISABLED,52,914,1680,N/A,ENABLED,52,914,1680,N/A,ENABLED,52,914,1680,N/A,ENABLED,52,914,1680,N/A,ENABLED,44,711,1400,N/A,ENABLED,44,711,1400,N/A,ENABLED,44,711,1400,N/A,ENABLED,44,711,1400,N/A,ENABLED,N/A,64,65
1743961134,0,840,N/A,N/A,N/A,N/A,ENABLED,2002,500,2100,DISABLED,DISABLED,1987,500,2100,DISABLED,DISABLED,2002,500,2100,DISABLED,DISABLED,2003,500,2100,DISABLED,DISABLED,2005,500,2100,DISABLED,DISABLED,1993,500,2100,DISABLED,DISABLED,2006,500,2100,DISABLED,DISABLED,2001,500,2100,DISABLED,DISABLED,1500,900,1500,N/A,DISABLED,53,914,1680,N/A,ENABLED,53,914,1680,N/A,ENABLED,53,914,1680,N/A,ENABLED,53,914,1680,N/A,ENABLED,44,711,1400,N/A,ENABLED,44,711,1400,N/A,ENABLED,44,711,1400,N/A,ENABLED,44,711,1400,N/A,ENABLED,N/A,73,76,1,790,N/A,N/A,N/A,N/A,ENABLED,2058,500,2100,DISABLED,DISABLED,2057,500,2100,DISABLED,DISABLED,2068,500,2100,DISABLED,DISABLED,2051,500,2100,DISABLED,DISABLED,2057,500,2100,DISABLED,DISABLED,2058,500,2100,DISABLED,DISABLED,2051,500,2100,DISABLED,DISABLED,2048,500,2100,DISABLED,DISABLED,1500,900,1500,N/A,DISABLED,53,914,1680,N/A,ENABLED,53,914,1680,N/A,ENABLED,53,914,1680,N/A,ENABLED,53,914,1680,N/A,ENABLED,44,711,1400,N/A,ENABLED,44,711,1400,N/A,ENABLED,44,711,1400,N/A,ENABLED,44,711,1400,N/A,ENABLED,N/A,60,62,2,802,N/A,N/A,N/A,N/A,ENABLED,2024,500,2100,DISABLED,DISABLED,2015,500,2100,DISABLED,DISABLED,2028,500,2100,DISABLED,DISABLED,2016,500,2100,DISABLED,DISABLED,2018,500,2100,DISABLED,DISABLED,2003,500,2100,DISABLED,DISABLED,2028,500,2100,DISABLED,DISABLED,2024,500,2100,DISABLED,DISABLED,1500,900,1500,N/A,DISABLED,53,914,1680,N/A,ENABLED,53,914,1680,N/A,ENABLED,53,914,1680,N/A,ENABLED,53,914,1680,N/A,ENABLED,44,711,1400,N/A,ENABLED,44,711,1400,N/A,ENABLED,44,711,1400,N/A,ENABLED,44,711,1400,N/A,ENABLED,N/A,60,64,3,849,N/A,N/A,N/A,N/A,ENABLED,1923,500,2100,DISABLED,DISABLED,1920,500,2100,DISABLED,DISABLED,1927,500,2100,DISABLED,DISABLED,1922,500,2100,DISABLED,DISABLED,1915,500,2100,DISABLED,DISABLED,1911,500,2100,DISABLED,DISABLED,1918,500,2100,DISABLED,DISABLED,1912,500,2100,DISABLED,DISABLED,1500,900,1500,N/A,DISABLED,53,914,1680,N/A,ENABLED,53,914,1680,N/A,ENABLED,53,914,1680,N/A,ENABLED,53,914,1680,N/A,ENABLED,44,711,1400,N/A,ENABLED,44,711,1400,N/A,ENABLED,44,711,1400,N/A,ENABLED,44,711,1400,N/A,ENABLED,N/A,80,77,4,837,N/A,N/A,N/A,N/A,ENABLED,2028,500,2100,DISABLED,DISABLED,2022,500,2100,DISABLED,DISABLED,2036,500,2100,DISABLED,DISABLED,2022,500,2100,DISABLED,DISABLED,2029,500,2100,DISABLED,DISABLED,2026,500,2100,DISABLED,DISABLED,2026,500,2100,DISABLED,DISABLED,2015,500,2100,DISABLED,DISABLED,1500,900,1500,N/A,DISABLED,53,914,1680,N/A,ENABLED,53,914,1680,N/A,ENABLED,53,914,1680,N/A,ENABLED,53,914,1680,N/A,ENABLED,44,711,1400,N/A,ENABLED,44,711,1400,N/A,ENABLED,44,711,1400,N/A,ENABLED,44,711,1400,N/A,ENABLED,N/A,74,77,5,806,N/A,N/A,N/A,N/A,ENABLED,2051,500,2100,DISABLED,DISABLED,2049,500,2100,DISABLED,DISABLED,2051,500,2100,DISABLED,DISABLED,2047,500,2100,DISABLED,DISABLED,2058,500,2100,DISABLED,DISABLED,2044,500,2100,DISABLED,DISABLED,2061,500,2100,DISABLED,DISABLED,2047,500,2100,DISABLED,DISABLED,1500,900,1500,N/A,DISABLED,53,914,1680,N/A,ENABLED,53,914,1680,N/A,ENABLED,53,914,1680,N/A,ENABLED,53,914,1680,N/A,ENABLED,44,711,1400,N/A,ENABLED,44,711,1400,N/A,ENABLED,44,711,1400,N/A,ENABLED,44,711,1400,N/A,ENABLED,N/A,60,62,6,853,N/A,N/A,N/A,N/A,ENABLED,1951,500,2100,DISABLED,DISABLED,1945,500,2100,DISABLED,DISABLED,1966,500,2100,DISABLED,DISABLED,1955,500,2100,DISABLED,DISABLED,1959,500,2100,DISABLED,DISABLED,1942,500,2100,DISABLED,DISABLED,1955,500,2100,DISABLED,DISABLED,1951,500,2100,DISABLED,DISABLED,1500,900,1500,N/A,DISABLED,53,914,1680,N/A,ENABLED,53,914,1680,N/A,ENABLED,53,914,1680,N/A,ENABLED,53,914,1680,N/A,ENABLED,44,711,1400,N/A,ENABLED,44,711,1400,N/A,ENABLED,44,711,1400,N/A,ENABLED,44,711,1400,N/A,ENABLED,N/A,76,79,7,813,N/A,N/A,N/A,N/A,ENABLED,2037,500,2100,DISABLED,DISABLED,2033,500,2100,DISABLED,DISABLED,2045,500,2100,DISABLED,DISABLED,2039,500,2100,DISABLED,DISABLED,2043,500,2100,DISABLED,DISABLED,2032,500,2100,DISABLED,DISABLED,2048,500,2100,DISABLED,DISABLED,2037,500,2100,DISABLED,DISABLED,1500,900,1500,N/A,DISABLED,53,914,1680,N/A,ENABLED,53,914,1680,N/A,ENABLED,53,914,1680,N/A,ENABLED,53,914,1680,N/A,ENABLED,44,711,1400,N/A,ENABLED,44,711,1400,N/A,ENABLED,44,711,1400,N/A,ENABLED,44,711,1400,N/A,ENABLED,N/A,64,65
1743961136,0,836,N/A,N/A,N/A,N/A,ENABLED,2004,500,2100,DISABLED,DISABLED,1988,500,2100,DISABLED,DISABLED,2004,500,2100,DISABLED,DISABLED,2005,500,2100,DISABLED,DISABLED,2006,500,2100,DISABLED,DISABLED,1994,500,2100,DISABLED,DISABLED,2007,500,2100,DISABLED,DISABLED,2002,500,2100,DISABLED,DISABLED,1500,900,1500,N/A,DISABLED,53,914,1680,N/A,ENABLED,53,914,1680,N/A,ENABLED,53,914,1680,N/A,ENABLED,53,914,1680,N/A,ENABLED,44,711,1400,N/A,ENABLED,44,711,1400,N/A,ENABLED,44,711,1400,N/A,ENABLED,44,711,1400,N/A,ENABLED,N/A,73,76,1,787,N/A,N/A,N/A,N/A,ENABLED,2055,500,2100,DISABLED,DISABLED,2054,500,2100,DISABLED,DISABLED,2066,500,2100,DISABLED,DISABLED,2049,500,2100,DISABLED,DISABLED,2054,500,2100,DISABLED,DISABLED,2055,500,2100,DISABLED,DISABLED,2049,500,2100,DISABLED,DISABLED,2045,500,2100,DISABLED,DISABLED,1500,900,1500,N/A,DISABLED,53,914,1680,N/A,ENABLED,53,914,1680,N/A,ENABLED,53,914,1680,N/A,ENABLED,53,914,1680,N/A,ENABLED,44,711,1400,N/A,ENABLED,44,711,1400,N/A,ENABLED,44,711,1400,N/A,ENABLED,44,711,1400,N/A,ENABLED,N/A,60,62,2,798,N/A,N/A,N/A,N/A,ENABLED,2021,500,2100,DISABLED,DISABLED,2012,500,2100,DISABLED,DISABLED,2024,500,2100,DISABLED,DISABLED,2013,500,2100,DISABLED,DISABLED,2014,500,2100,DISABLED,DISABLED,2000,500,2100,DISABLED,DISABLED,2023,500,2100,DISABLED,DISABLED,2020,500,2100,DISABLED,DISABLED,1500,900,1500,N/A,DISABLED,53,914,1680,N/A,ENABLED,53,914,1680,N/A,ENABLED,53,914,1680,N/A,ENABLED,53,914,1680,N/A,ENABLED,44,711,1400,N/A,ENABLED,44,711,1400,N/A,ENABLED,44,711,1400,N/A,ENABLED,44,711,1400,N/A,ENABLED,N/A,60,65,3,846,N/A,N/A,N/A,N/A,ENABLED,1919,500,2100,DISABLED,DISABLED,1916,500,2100,DISABLED,DISABLED,1923,500,2100,DISABLED,DISABLED,1918,500,2100,DISABLED,DISABLED,1911,500,2100,DISABLED,DISABLED,1907,500,2100,DISABLED,DISABLED,1915,500,2100,DISABLED,DISABLED,1908,500,2100,DISABLED,DISABLED,1500,900,1500,N/A,DISABLED,53,914,1680,N/A,ENABLED,53,914,1680,N/A,ENABLED,53,914,1680,N/A,ENABLED,53,914,1680,N/A,ENABLED,44,711,1400,N/A,ENABLED,44,711,1400,N/A,ENABLED,44,711,1400,N/A,ENABLED,44,711,1400,N/A,ENABLED,N/A,80,78,4,837,N/A,N/A,N/A,N/A,ENABLED,2025,500,2100,DISABLED,DISABLED,2018,500,2100,DISABLED,DISABLED,2033,500,2100,DISABLED,DISABLED,2019,500,2100,DISABLED,DISABLED,2026,500,2100,DISABLED,DISABLED,2023,500,2100,DISABLED,DISABLED,2024,500,2100,DISABLED,DISABLED,2012,500,2100,DISABLED,DISABLED,1500,900,1500,N/A,DISABLED,53,914,1680,N/A,ENABLED,53,914,1680,N/A,ENABLED,53,914,1680,N/A,ENABLED,53,914,1680,N/A,ENABLED,44,711,1400,N/A,ENABLED,44,711,1400,N/A,ENABLED,44,711,1400,N/A,ENABLED,44,711,1400,N/A,ENABLED,N/A,74,77,5,808,N/A,N/A,N/A,N/A,ENABLED,2050,500,2100,DISABLED,DISABLED,2046,500,2100,DISABLED,DISABLED,2050,500,2100,DISABLED,DISABLED,2046,500,2100,DISABLED,DISABLED,2056,500,2100,DISABLED,DISABLED,2042,500,2100,DISABLED,DISABLED,2057,500,2100,DISABLED,DISABLED,2043,500,2100,DISABLED,DISABLED,1500,900,1500,N/A,DISABLED,53,914,1680,N/A,ENABLED,53,914,1680,N/A,ENABLED,53,914,1680,N/A,ENABLED,53,914,1680,N/A,ENABLED,44,711,1400,N/A,ENABLED,44,711,1400,N/A,ENABLED,44,711,1400,N/A,ENABLED,44,711,1400,N/A,ENABLED,N/A,60,63,6,855,N/A,N/A,N/A,N/A,ENABLED,1952,500,2100,DISABLED,DISABLED,1945,500,2100,DISABLED,DISABLED,1967,500,2100,DISABLED,DISABLED,1956,500,2100,DISABLED,DISABLED,1959,500,2100,DISABLED,DISABLED,1943,500,2100,DISABLED,DISABLED,1957,500,2100,DISABLED,DISABLED,1952,500,2100,DISABLED,DISABLED,1500,900,1500,N/A,DISABLED,53,914,1680,N/A,ENABLED,53,914,1680,N/A,ENABLED,53,914,1680,N/A,ENABLED,53,914,1680,N/A,ENABLED,44,711,1400,N/A,ENABLED,44,711,1400,N/A,ENABLED,44,711,1400,N/A,ENABLED,44,711,1400,N/A,ENABLED,N/A,76,79,7,810,N/A,N/A,N/A,N/A,ENABLED,2036,500,2100,DISABLED,DISABLED,2032,500,2100,DISABLED,DISABLED,2044,500,2100,DISABLED,DISABLED,2038,500,2100,DISABLED,DISABLED,2042,500,2100,DISABLED,DISABLED,2031,500,2100,DISABLED,DISABLED,2047,500,2100,DISABLED,DISABLED,2036,500,2100,DISABLED,DISABLED,1500,900,1500,N/A,DISABLED,53,914,1680,N/A,ENABLED,53,914,1680,N/A,ENABLED,53,914,1680,N/A,ENABLED,53,914,1680,N/A,ENABLED,44,711,1400,N/A,ENABLED,44,711,1400,N/A,ENABLED,44,711,1400,N/A,ENABLED,44,711,1400,N/A,ENABLED,N/A,64,65
1743961137,0,837,N/A,N/A,N/A,N/A,ENABLED,2002,500,2100,DISABLED,DISABLED,1987,500,2100,DISABLED,DISABLED,2002,500,2100,DISABLED,DISABLED,2003,500,2100,DISABLED,DISABLED,2006,500,2100,DISABLED,DISABLED,1993,500,2100,DISABLED,DISABLED,2006,500,2100,DISABLED,DISABLED,2000,500,2100,DISABLED,DISABLED,1500,900,1500,N/A,DISABLED,53,914,1680,N/A,ENABLED,53,914,1680,N/A,ENABLED,53,914,1680,N/A,ENABLED,53,914,1680,N/A,ENABLED,44,711,1400,N/A,ENABLED,44,711,1400,N/A,ENABLED,44,711,1400,N/A,ENABLED,44,711,1400,N/A,ENABLED,N/A,73,76,1,787,N/A,N/A,N/A,N/A,ENABLED,2053,500,2100,DISABLED,DISABLED,2052,500,2100,DISABLED,DISABLED,2064,500,2100,DISABLED,DISABLED,2048,500,2100,DISABLED,DISABLED,2053,500,2100,DISABLED,DISABLED,2053,500,2100,DISABLED,DISABLED,2047,500,2100,DISABLED,DISABLED,2043,500,2100,DISABLED,DISABLED,1500,900,1500,N/A,DISABLED,53,914,1680,N/A,ENABLED,53,914,1680,N/A,ENABLED,53,914,1680,N/A,ENABLED,53,914,1680,N/A,ENABLED,44,711,1400,N/A,ENABLED,44,711,1400,N/A,ENABLED,44,711,1400,N/A,ENABLED,44,711,1400,N/A,ENABLED,N/A,60,62,2,802,N/A,N/A,N/A,N/A,ENABLED,2015,500,2100,DISABLED,DISABLED,2008,500,2100,DISABLED,DISABLED,2019,500,2100,DISABLED,DISABLED,2008,500,2100,DISABLED,DISABLED,2009,500,2100,DISABLED,DISABLED,1995,500,2100,DISABLED,DISABLED,2018,500,2100,DISABLED,DISABLED,2015,500,2100,DISABLED,DISABLED,1500,900,1500,N/A,DISABLED,53,914,1680,N/A,ENABLED,53,914,1680,N/A,ENABLED,53,914,1680,N/A,ENABLED,53,914,1680,N/A,ENABLED,44,711,1400,N/A,ENABLED,44,711,1400,N/A,ENABLED,44,711,1400,N/A,ENABLED,44,711,1400,N/A,ENABLED,N/A,61,65,3,847,N/A,N/A,N/A,N/A,ENABLED,1913,500,2100,DISABLED,DISABLED,1910,500,2100,DISABLED,DISABLED,1918,500,2100,DISABLED,DISABLED,1912,500,2100,DISABLED,DISABLED,1905,500,2100,DISABLED,DISABLED,1900,500,2100,DISABLED,DISABLED,1908,500,2100,DISABLED,DISABLED,1901,500,2100,DISABLED,DISABLED,1500,900,1500,N/A,DISABLED,53,914,1680,N/A,ENABLED,53,914,1680,N/A,ENABLED,53,914,1680,N/A,ENABLED,53,914,1680,N/A,ENABLED,44,711,1400,N/A,ENABLED,44,711,1400,N/A,ENABLED,44,711,1400,N/A,ENABLED,44,711,1400,N/A,ENABLED,N/A,80,78,4,838,N/A,N/A,N/A,N/A,ENABLED,2023,500,2100,DISABLED,DISABLED,2018,500,2100,DISABLED,DISABLED,2032,500,2100,DISABLED,DISABLED,2018,500,2100,DISABLED,DISABLED,2024,500,2100,DISABLED,DISABLED,2021,500,2100,DISABLED,DISABLED,2022,500,2100,DISABLED,DISABLED,2010,500,2100,DISABLED,DISABLED,1500,900,1500,N/A,DISABLED,53,914,1680,N/A,ENABLED,53,914,1680,N/A,ENABLED,53,914,1680,N/A,ENABLED,53,914,1680,N/A,ENABLED,44,711,1400,N/A,ENABLED,44,711,1400,N/A,ENABLED,44,711,1400,N/A,ENABLED,44,711,1400,N/A,ENABLED,N/A,75,77,5,813,N/A,N/A,N/A,N/A,ENABLED,2047,500,2100,DISABLED,DISABLED,2044,500,2100,DISABLED,DISABLED,2047,500,2100,DISABLED,DISABLED,2043,500,2100,DISABLED,DISABLED,2053,500,2100,DISABLED,DISABLED,2039,500,2100,DISABLED,DISABLED,2054,500,2100,DISABLED,DISABLED,2042,500,2100,DISABLED,DISABLED,1500,900,1500,N/A,DISABLED,53,914,1680,N/A,ENABLED,53,914,1680,N/A,ENABLED,53,914,1680,N/A,ENABLED,53,914,1680,N/A,ENABLED,44,711,1400,N/A,ENABLED,44,711,1400,N/A,ENABLED,44,711,1400,N/A,ENABLED,44,711,1400,N/A,ENABLED,N/A,60,62,6,858,N/A,N/A,N/A,N/A,ENABLED,1950,500,2100,DISABLED,DISABLED,1943,500,2100,DISABLED,DISABLED,1965,500,2100,DISABLED,DISABLED,1954,500,2100,DISABLED,DISABLED,1957,500,2100,DISABLED,DISABLED,1941,500,2100,DISABLED,DISABLED,1955,500,2100,DISABLED,DISABLED,1950,500,2100,DISABLED,DISABLED,1500,900,1500,N/A,DISABLED,53,914,1680,N/A,ENABLED,53,914,1680,N/A,ENABLED,53,914,1680,N/A,ENABLED,53,914,1680,N/A,ENABLED,44,711,1400,N/A,ENABLED,44,711,1400,N/A,ENABLED,44,711,1400,N/A,ENABLED,44,711,1400,N/A,ENABLED,N/A,76,79,7,813,N/A,N/A,N/A,N/A,ENABLED,2032,500,2100,DISABLED,DISABLED,2028,500,2100,DISABLED,DISABLED,2041,500,2100,DISABLED,DISABLED,2036,500,2100,DISABLED,DISABLED,2039,500,2100,DISABLED,DISABLED,2027,500,2100,DISABLED,DISABLED,2045,500,2100,DISABLED,DISABLED,2033,500,2100,DISABLED,DISABLED,1500,900,1500,N/A,DISABLED,53,914,1680,N/A,ENABLED,53,914,1680,N/A,ENABLED,53,914,1680,N/A,ENABLED,53,914,1680,N/A,ENABLED,44,711,1400,N/A,ENABLED,44,711,1400,N/A,ENABLED,44,711,1400,N/A,ENABLED,44,711,1400,N/A,ENABLED,N/A,64,65
1743961138,0,841,N/A,N/A,N/A,N/A,ENABLED,2007,500,2100,DISABLED,DISABLED,1992,500,2100,DISABLED,DISABLED,2007,500,2100,DISABLED,DISABLED,2008,500,2100,DISABLED,DISABLED,2011,500,2100,DISABLED,DISABLED,1998,500,2100,DISABLED,DISABLED,2011,500,2100,DISABLED,DISABLED,2005,500,2100,DISABLED,DISABLED,1500,900,1500,N/A,DISABLED,52,914,1680,N/A,ENABLED,52,914,1680,N/A,ENABLED,52,914,1680,N/A,ENABLED,52,914,1680,N/A,ENABLED,44,711,1400,N/A,ENABLED,44,711,1400,N/A,ENABLED,44,711,1400,N/A,ENABLED,44,711,1400,N/A,ENABLED,N/A,73,76,1,791,N/A,N/A,N/A,N/A,ENABLED,2053,500,2100,DISABLED,DISABLED,2052,500,2100,DISABLED,DISABLED,2063,500,2100,DISABLED,DISABLED,2047,500,2100,DISABLED,DISABLED,2052,500,2100,DISABLED,DISABLED,2052,500,2100,DISABLED,DISABLED,2046,500,2100,DISABLED,DISABLED,2042,500,2100,DISABLED,DISABLED,1500,900,1500,N/A,DISABLED,52,914,1680,N/A,ENABLED,52,914,1680,N/A,ENABLED,52,914,1680,N/A,ENABLED,52,914,1680,N/A,ENABLED,44,711,1400,N/A,ENABLED,44,711,1400,N/A,ENABLED,44,711,1400,N/A,ENABLED,44,711,1400,N/A,ENABLED,N/A,60,62,2,804,N/A,N/A,N/A,N/A,ENABLED,2017,500,2100,DISABLED,DISABLED,2009,500,2100,DISABLED,DISABLED,2021,500,2100,DISABLED,DISABLED,2009,500,2100,DISABLED,DISABLED,2010,500,2100,DISABLED,DISABLED,1996,500,2100,DISABLED,DISABLED,2020,500,2100,DISABLED,DISABLED,2016,500,2100,DISABLED,DISABLED,1500,900,1500,N/A,DISABLED,52,914,1680,N/A,ENABLED,52,914,1680,N/A,ENABLED,52,914,1680,N/A,ENABLED,52,914,1680,N/A,ENABLED,44,711,1400,N/A,ENABLED,44,711,1400,N/A,ENABLED,44,711,1400,N/A,ENABLED,44,711,1400,N/A,ENABLED,N/A,61,65,3,849,N/A,N/A,N/A,N/A,ENABLED,1920,500,2100,DISABLED,DISABLED,1918,500,2100,DISABLED,DISABLED,1924,500,2100,DISABLED,DISABLED,1919,500,2100,DISABLED,DISABLED,1913,500,2100,DISABLED,DISABLED,1908,500,2100,DISABLED,DISABLED,1915,500,2100,DISABLED,DISABLED,1909,500,2100,DISABLED,DISABLED,1500,900,1500,N/A,DISABLED,53,914,1680,N/A,ENABLED,53,914,1680,N/A,ENABLED,53,914,1680,N/A,ENABLED,53,914,1680,N/A,ENABLED,44,711,1400,N/A,ENABLED,44,711,1400,N/A,ENABLED,44,711,1400,N/A,ENABLED,44,711,1400,N/A,ENABLED,N/A,80,78,4,834,N/A,N/A,N/A,N/A,ENABLED,2026,500,2100,DISABLED,DISABLED,2020,500,2100,DISABLED,DISABLED,2033,500,2100,DISABLED,DISABLED,2020,500,2100,DISABLED,DISABLED,2026,500,2100,DISABLED,DISABLED,2023,500,2100,DISABLED,DISABLED,2024,500,2100,DISABLED,DISABLED,2013,500,2100,DISABLED,DISABLED,1500,900,1500,N/A,DISABLED,52,914,1680,N/A,ENABLED,52,914,1680,N/A,ENABLED,52,914,1680,N/A,ENABLED,52,914,1680,N/A,ENABLED,44,711,1400,N/A,ENABLED,44,711,1400,N/A,ENABLED,44,711,1400,N/A,ENABLED,44,711,1400,N/A,ENABLED,N/A,75,77,5,815,N/A,N/A,N/A,N/A,ENABLED,2047,500,2100,DISABLED,DISABLED,2044,500,2100,DISABLED,DISABLED,2047,500,2100,DISABLED,DISABLED,2044,500,2100,DISABLED,DISABLED,2054,500,2100,DISABLED,DISABLED,2039,500,2100,DISABLED,DISABLED,2055,500,2100,DISABLED,DISABLED,2042,500,2100,DISABLED,DISABLED,1500,900,1500,N/A,DISABLED,52,914,1680,N/A,ENABLED,52,914,1680,N/A,ENABLED,52,914,1680,N/A,ENABLED,52,914,1680,N/A,ENABLED,44,711,1400,N/A,ENABLED,44,711,1400,N/A,ENABLED,44,711,1400,N/A,ENABLED,44,711,1400,N/A,ENABLED,N/A,60,62,6,858,N/A,N/A,N/A,N/A,ENABLED,1940,500,2100,DISABLED,DISABLED,1934,500,2100,DISABLED,DISABLED,1955,500,2100,DISABLED,DISABLED,1943,500,2100,DISABLED,DISABLED,1948,500,2100,DISABLED,DISABLED,1931,500,2100,DISABLED,DISABLED,1944,500,2100,DISABLED,DISABLED,1940,500,2100,DISABLED,DISABLED,1500,900,1500,N/A,DISABLED,53,914,1680,N/A,ENABLED,53,914,1680,N/A,ENABLED,53,914,1680,N/A,ENABLED,53,914,1680,N/A,ENABLED,44,711,1400,N/A,ENABLED,44,711,1400,N/A,ENABLED,44,711,1400,N/A,ENABLED,44,711,1400,N/A,ENABLED,N/A,76,79,7,811,N/A,N/A,N/A,N/A,ENABLED,2033,500,2100,DISABLED,DISABLED,2029,500,2100,DISABLED,DISABLED,2042,500,2100,DISABLED,DISABLED,2037,500,2100,DISABLED,DISABLED,2040,500,2100,DISABLED,DISABLED,2028,500,2100,DISABLED,DISABLED,2046,500,2100,DISABLED,DISABLED,2034,500,2100,DISABLED,DISABLED,1500,900,1500,N/A,DISABLED,52,914,1680,N/A,ENABLED,52,914,1680,N/A,ENABLED,52,914,1680,N/A,ENABLED,52,914,1680,N/A,ENABLED,44,711,1400,N/A,ENABLED,44,711,1400,N/A,ENABLED,44,711,1400,N/A,ENABLED,44,711,1400,N/A,ENABLED,N/A,64,65
1743961139,0,836,N/A,N/A,N/A,N/A,ENABLED,2003,500,2100,DISABLED,DISABLED,1988,500,2100,DISABLED,DISABLED,2004,500,2100,DISABLED,DISABLED,2005,500,2100,DISABLED,DISABLED,2007,500,2100,DISABLED,DISABLED,1995,500,2100,DISABLED,DISABLED,2008,500,2100,DISABLED,DISABLED,2003,500,2100,DISABLED,DISABLED,1500,900,1500,N/A,DISABLED,53,914,1680,N/A,ENABLED,53,914,1680,N/A,ENABLED,53,914,1680,N/A,ENABLED,53,914,1680,N/A,ENABLED,44,711,1400,N/A,ENABLED,44,711,1400,N/A,ENABLED,44,711,1400,N/A,ENABLED,44,711,1400,N/A,ENABLED,N/A,74,76,1,791,N/A,N/A,N/A,N/A,ENABLED,2052,500,2100,DISABLED,DISABLED,2050,500,2100,DISABLED,DISABLED,2063,500,2100,DISABLED,DISABLED,2046,500,2100,DISABLED,DISABLED,2051,500,2100,DISABLED,DISABLED,2052,500,2100,DISABLED,DISABLED,2045,500,2100,DISABLED,DISABLED,2041,500,2100,DISABLED,DISABLED,1500,900,1500,N/A,DISABLED,53,914,1680,N/A,ENABLED,53,914,1680,N/A,ENABLED,53,914,1680,N/A,ENABLED,53,914,1680,N/A,ENABLED,44,711,1400,N/A,ENABLED,44,711,1400,N/A,ENABLED,44,711,1400,N/A,ENABLED,44,711,1400,N/A,ENABLED,N/A,60,62,2,803,N/A,N/A,N/A,N/A,ENABLED,2013,500,2100,DISABLED,DISABLED,2005,500,2100,DISABLED,DISABLED,2018,500,2100,DISABLED,DISABLED,2006,500,2100,DISABLED,DISABLED,2007,500,2100,DISABLED,DISABLED,1993,500,2100,DISABLED,DISABLED,2017,500,2100,DISABLED,DISABLED,2013,500,2100,DISABLED,DISABLED,1500,900,1500,N/A,DISABLED,53,914,1680,N/A,ENABLED,53,914,1680,N/A,ENABLED,53,914,1680,N/A,ENABLED,53,914,1680,N/A,ENABLED,44,711,1400,N/A,ENABLED,44,711,1400,N/A,ENABLED,44,711,1400,N/A,ENABLED,44,711,1400,N/A,ENABLED,N/A,61,65,3,848,N/A,N/A,N/A,N/A,ENABLED,1919,500,2100,DISABLED,DISABLED,1916,500,2100,DISABLED,DISABLED,1923,500,2100,DISABLED,DISABLED,1918,500,2100,DISABLED,DISABLED,1911,500,2100,DISABLED,DISABLED,1907,500,2100,DISABLED,DISABLED,1913,500,2100,DISABLED,DISABLED,1907,500,2100,DISABLED,DISABLED,1500,900,1500,N/A,DISABLED,53,914,1680,N/A,ENABLED,53,914,1680,N/A,ENABLED,53,914,1680,N/A,ENABLED,53,914,1680,N/A,ENABLED,44,711,1400,N/A,ENABLED,44,711,1400,N/A,ENABLED,44,711,1400,N/A,ENABLED,44,711,1400,N/A,ENABLED,N/A,80,79,4,838,N/A,N/A,N/A,N/A,ENABLED,2025,500,2100,DISABLED,DISABLED,2020,500,2100,DISABLED,DISABLED,2033,500,2100,DISABLED,DISABLED,2019,500,2100,DISABLED,DISABLED,2026,500,2100,DISABLED,DISABLED,2022,500,2100,DISABLED,DISABLED,2024,500,2100,DISABLED,DISABLED,2013,500,2100,DISABLED,DISABLED,1500,900,1500,N/A,DISABLED,53,914,1680,N/A,ENABLED,53,914,1680,N/A,ENABLED,53,914,1680,N/A,ENABLED,53,914,1680,N/A,ENABLED,44,711,1400,N/A,ENABLED,44,711,1400,N/A,ENABLED,44,711,1400,N/A,ENABLED,44,711,1400,N/A,ENABLED,N/A,75,77,5,811,N/A,N/A,N/A,N/A,ENABLED,2046,500,2100,DISABLED,DISABLED,2044,500,2100,DISABLED,DISABLED,2046,500,2100,DISABLED,DISABLED,2043,500,2100,DISABLED,DISABLED,2054,500,2100,DISABLED,DISABLED,2039,500,2100,DISABLED,DISABLED,2055,500,2100,DISABLED,DISABLED,2041,500,2100,DISABLED,DISABLED,1500,900,1500,N/A,DISABLED,53,914,1680,N/A,ENABLED,53,914,1680,N/A,ENABLED,53,914,1680,N/A,ENABLED,53,914,1680,N/A,ENABLED,44,711,1400,N/A,ENABLED,44,711,1400,N/A,ENABLED,44,711,1400,N/A,ENABLED,44,711,1400,N/A,ENABLED,N/A,60,63,6,861,N/A,N/A,N/A,N/A,ENABLED,1938,500,2100,DISABLED,DISABLED,1931,500,2100,DISABLED,DISABLED,1953,500,2100,DISABLED,DISABLED,1941,500,2100,DISABLED,DISABLED,1945,500,2100,DISABLED,DISABLED,1929,500,2100,DISABLED,DISABLED,1942,500,2100,DISABLED,DISABLED,1938,500,2100,DISABLED,DISABLED,1500,900,1500,N/A,DISABLED,53,914,1680,N/A,ENABLED,53,914,1680,N/A,ENABLED,53,914,1680,N/A,ENABLED,53,914,1680,N/A,ENABLED,44,711,1400,N/A,ENABLED,44,711,1400,N/A,ENABLED,44,711,1400,N/A,ENABLED,44,711,1400,N/A,ENABLED,N/A,76,80,7,812,N/A,N/A,N/A,N/A,ENABLED,2032,500,2100,DISABLED,DISABLED,2027,500,2100,DISABLED,DISABLED,2039,500,2100,DISABLED,DISABLED,2034,500,2100,DISABLED,DISABLED,2038,500,2100,DISABLED,DISABLED,2026,500,2100,DISABLED,DISABLED,2043,500,2100,DISABLED,DISABLED,2032,500,2100,DISABLED,DISABLED,1500,900,1500,N/A,DISABLED,53,914,1680,N/A,ENABLED,53,914,1680,N/A,ENABLED,53,914,1680,N/A,ENABLED,53,914,1680,N/A,ENABLED,44,711,1400,N/A,ENABLED,44,711,1400,N/A,ENABLED,44,711,1400,N/A,ENABLED,44,711,1400,N/A,ENABLED,N/A,64,65
1743961141,0,842,N/A,N/A,N/A,N/A,ENABLED,1996,500,2100,DISABLED,DISABLED,1982,500,2100,DISABLED,DISABLED,1997,500,2100,DISABLED,DISABLED,1998,500,2100,DISABLED,DISABLED,2000,500,2100,DISABLED,DISABLED,1987,500,2100,DISABLED,DISABLED,2001,500,2100,DISABLED,DISABLED,1995,500,2100,DISABLED,DISABLED,1500,900,1500,N/A,DISABLED,53,914,1680,N/A,ENABLED,53,914,1680,N/A,ENABLED,53,914,1680,N/A,ENABLED,53,914,1680,N/A,ENABLED,44,711,1400,N/A,ENABLED,44,711,1400,N/A,ENABLED,44,711,1400,N/A,ENABLED,44,711,1400,N/A,ENABLED,N/A,74,76,1,788,N/A,N/A,N/A,N/A,ENABLED,2052,500,2100,DISABLED,DISABLED,2051,500,2100,DISABLED,DISABLED,2062,500,2100,DISABLED,DISABLED,2046,500,2100,DISABLED,DISABLED,2050,500,2100,DISABLED,DISABLED,2051,500,2100,DISABLED,DISABLED,2045,500,2100,DISABLED,DISABLED,2041,500,2100,DISABLED,DISABLED,1500,900,1500,N/A,DISABLED,53,914,1680,N/A,ENABLED,53,914,1680,N/A,ENABLED,53,914,1680,N/A,ENABLED,53,914,1680,N/A,ENABLED,44,711,1400,N/A,ENABLED,44,711,1400,N/A,ENABLED,44,711,1400,N/A,ENABLED,44,711,1400,N/A,ENABLED,N/A,60,62,2,801,N/A,N/A,N/A,N/A,ENABLED,2013,500,2100,DISABLED,DISABLED,2005,500,2100,DISABLED,DISABLED,2017,500,2100,DISABLED,DISABLED,2005,500,2100,DISABLED,DISABLED,2007,500,2100,DISABLED,DISABLED,1993,500,2100,DISABLED,DISABLED,2017,500,2100,DISABLED,DISABLED,2013,500,2100,DISABLED,DISABLED,1500,900,1500,N/A,DISABLED,53,914,1680,N/A,ENABLED,53,914,1680,N/A,ENABLED,53,914,1680,N/A,ENABLED,53,914,1680,N/A,ENABLED,44,711,1400,N/A,ENABLED,44,711,1400,N/A,ENABLED,44,711,1400,N/A,ENABLED,44,711,1400,N/A,ENABLED,N/A,61,65,3,851,N/A,N/A,N/A,N/A,ENABLED,1918,500,2100,DISABLED,DISABLED,1915,500,2100,DISABLED,DISABLED,1922,500,2100,DISABLED,DISABLED,1916,500,2100,DISABLED,DISABLED,1911,500,2100,DISABLED,DISABLED,1906,500,2100,DISABLED,DISABLED,1913,500,2100,DISABLED,DISABLED,1907,500,2100,DISABLED,DISABLED,1500,900,1500,N/A,DISABLED,53,914,1680,N/A,ENABLED,53,914,1680,N/A,ENABLED,53,914,1680,N/A,ENABLED,53,914,1680,N/A,ENABLED,44,711,1400,N/A,ENABLED,44,711,1400,N/A,ENABLED,44,711,1400,N/A,ENABLED,44,711,1400,N/A,ENABLED,N/A,80,78,4,838,N/A,N/A,N/A,N/A,ENABLED,2023,500,2100,DISABLED,DISABLED,2017,500,2100,DISABLED,DISABLED,2031,500,2100,DISABLED,DISABLED,2016,500,2100,DISABLED,DISABLED,2024,500,2100,DISABLED,DISABLED,2020,500,2100,DISABLED,DISABLED,2021,500,2100,DISABLED,DISABLED,2010,500,2100,DISABLED,DISABLED,1500,900,1500,N/A,DISABLED,53,914,1680,N/A,ENABLED,53,914,1680,N/A,ENABLED,53,914,1680,N/A,ENABLED,53,914,1680,N/A,ENABLED,44,711,1400,N/A,ENABLED,44,711,1400,N/A,ENABLED,44,711,1400,N/A,ENABLED,44,711,1400,N/A,ENABLED,N/A,75,77,5,808,N/A,N/A,N/A,N/A,ENABLED,2044,500,2100,DISABLED,DISABLED,2041,500,2100,DISABLED,DISABLED,2044,500,2100,DISABLED,DISABLED,2040,500,2100,DISABLED,DISABLED,2051,500,2100,DISABLED,DISABLED,2036,500,2100,DISABLED,DISABLED,2052,500,2100,DISABLED,DISABLED,2038,500,2100,DISABLED,DISABLED,1500,900,1500,N/A,DISABLED,53,914,1680,N/A,ENABLED,53,914,1680,N/A,ENABLED,53,914,1680,N/A,ENABLED,53,914,1680,N/A,ENABLED,44,711,1400,N/A,ENABLED,44,711,1400,N/A,ENABLED,44,711,1400,N/A,ENABLED,44,711,1400,N/A,ENABLED,N/A,60,63,6,856,N/A,N/A,N/A,N/A,ENABLED,1935,500,2100,DISABLED,DISABLED,1928,500,2100,DISABLED,DISABLED,1949,500,2100,DISABLED,DISABLED,1938,500,2100,DISABLED,DISABLED,1941,500,2100,DISABLED,DISABLED,1926,500,2100,DISABLED,DISABLED,1939,500,2100,DISABLED,DISABLED,1935,500,2100,DISABLED,DISABLED,1500,900,1500,N/A,DISABLED,53,914,1680,N/A,ENABLED,53,914,1680,N/A,ENABLED,53,914,1680,N/A,ENABLED,53,914,1680,N/A,ENABLED,44,711,1400,N/A,ENABLED,44,711,1400,N/A,ENABLED,44,711,1400,N/A,ENABLED,44,711,1400,N/A,ENABLED,N/A,76,79,7,814,N/A,N/A,N/A,N/A,ENABLED,2030,500,2100,DISABLED,DISABLED,2027,500,2100,DISABLED,DISABLED,2037,500,2100,DISABLED,DISABLED,2033,500,2100,DISABLED,DISABLED,2037,500,2100,DISABLED,DISABLED,2024,500,2100,DISABLED,DISABLED,2042,500,2100,DISABLED,DISABLED,2031,500,2100,DISABLED,DISABLED,1500,900,1500,N/A,DISABLED,53,914,1680,N/A,ENABLED,53,914,1680,N/A,ENABLED,53,914,1680,N/A,ENABLED,53,914,1680,N/A,ENABLED,44,711,1400,N/A,ENABLED,44,711,1400,N/A,ENABLED,44,711,1400,N/A,ENABLED,44,711,1400,N/A,ENABLED,N/A,64,65
1743961142,0,838,N/A,N/A,N/A,N/A,ENABLED,1996,500,2100,DISABLED,DISABLED,1981,500,2100,DISABLED,DISABLED,1995,500,2100,DISABLED,DISABLED,1997,500,2100,DISABLED,DISABLED,1998,500,2100,DISABLED,DISABLED,1986,500,2100,DISABLED,DISABLED,1999,500,2100,DISABLED,DISABLED,1994,500,2100,DISABLED,DISABLED,1500,900,1500,N/A,DISABLED,53,914,1680,N/A,ENABLED,53,914,1680,N/A,ENABLED,53,914,1680,N/A,ENABLED,53,914,1680,N/A,ENABLED,44,711,1400,N/A,ENABLED,44,711,1400,N/A,ENABLED,44,711,1400,N/A,ENABLED,44,711,1400,N/A,ENABLED,N/A,74,77,1,789,N/A,N/A,N/A,N/A,ENABLED,2050,500,2100,DISABLED,DISABLED,2049,500,2100,DISABLED,DISABLED,2061,500,2100,DISABLED,DISABLED,2044,500,2100,DISABLED,DISABLED,2049,500,2100,DISABLED,DISABLED,2049,500,2100,DISABLED,DISABLED,2042,500,2100,DISABLED,DISABLED,2039,500,2100,DISABLED,DISABLED,1500,900,1500,N/A,DISABLED,53,914,1680,N/A,ENABLED,53,914,1680,N/A,ENABLED,53,914,1680,N/A,ENABLED,53,914,1680,N/A,ENABLED,44,711,1400,N/A,ENABLED,44,711,1400,N/A,ENABLED,44,711,1400,N/A,ENABLED,44,711,1400,N/A,ENABLED,N/A,60,63,2,802,N/A,N/A,N/A,N/A,ENABLED,2012,500,2100,DISABLED,DISABLED,2003,500,2100,DISABLED,DISABLED,2015,500,2100,DISABLED,DISABLED,2003,500,2100,DISABLED,DISABLED,2004,500,2100,DISABLED,DISABLED,1990,500,2100,DISABLED,DISABLED,2014,500,2100,DISABLED,DISABLED,2011,500,2100,DISABLED,DISABLED,1500,900,1500,N/A,DISABLED,53,914,1680,N/A,ENABLED,53,914,1680,N/A,ENABLED,53,914,1680,N/A,ENABLED,53,914,1680,N/A,ENABLED,44,711,1400,N/A,ENABLED,44,711,1400,N/A,ENABLED,44,711,1400,N/A,ENABLED,44,711,1400,N/A,ENABLED,N/A,61,65,3,851,N/A,N/A,N/A,N/A,ENABLED,1914,500,2100,DISABLED,DISABLED,1911,500,2100,DISABLED,DISABLED,1918,500,2100,DISABLED,DISABLED,1913,500,2100,DISABLED,DISABLED,1907,500,2100,DISABLED,DISABLED,1902,500,2100,DISABLED,DISABLED,1909,500,2100,DISABLED,DISABLED,1903,500,2100,DISABLED,DISABLED,1500,900,1500,N/A,DISABLED,53,914,1680,N/A,ENABLED,53,914,1680,N/A,ENABLED,53,914,1680,N/A,ENABLED,53,914,1680,N/A,ENABLED,44,711,1400,N/A,ENABLED,44,711,1400,N/A,ENABLED,44,711,1400,N/A,ENABLED,44,711,1400,N/A,ENABLED,N/A,80,78,4,837,N/A,N/A,N/A,N/A,ENABLED,2022,500,2100,DISABLED,DISABLED,2016,500,2100,DISABLED,DISABLED,2030,500,2100,DISABLED,DISABLED,2016,500,2100,DISABLED,DISABLED,2022,500,2100,DISABLED,DISABLED,2019,500,2100,DISABLED,DISABLED,2021,500,2100,DISABLED,DISABLED,2009,500,2100,DISABLED,DISABLED,1500,900,1500,N/A,DISABLED,53,914,1680,N/A,ENABLED,53,914,1680,N/A,ENABLED,53,914,1680,N/A,ENABLED,53,914,1680,N/A,ENABLED,44,711,1400,N/A,ENABLED,44,711,1400,N/A,ENABLED,44,711,1400,N/A,ENABLED,44,711,1400,N/A,ENABLED,N/A,75,77,5,811,N/A,N/A,N/A,N/A,ENABLED,2042,500,2100,DISABLED,DISABLED,2039,500,2100,DISABLED,DISABLED,2042,500,2100,DISABLED,DISABLED,2039,500,2100,DISABLED,DISABLED,2048,500,2100,DISABLED,DISABLED,2034,500,2100,DISABLED,DISABLED,2049,500,2100,DISABLED,DISABLED,2037,500,2100,DISABLED,DISABLED,1500,900,1500,N/A,DISABLED,53,914,1680,N/A,ENABLED,53,914,1680,N/A,ENABLED,53,914,1680,N/A,ENABLED,53,914,1680,N/A,ENABLED,44,711,1400,N/A,ENABLED,44,711,1400,N/A,ENABLED,44,711,1400,N/A,ENABLED,44,711,1400,N/A,ENABLED,N/A,60,62,6,858,N/A,N/A,N/A,N/A,ENABLED,1933,500,2100,DISABLED,DISABLED,1926,500,2100,DISABLED,DISABLED,1947,500,2100,DISABLED,DISABLED,1936,500,2100,DISABLED,DISABLED,1940,500,2100,DISABLED,DISABLED,1924,500,2100,DISABLED,DISABLED,1937,500,2100,DISABLED,DISABLED,1933,500,2100,DISABLED,DISABLED,1500,900,1500,N/A,DISABLED,53,914,1680,N/A,ENABLED,53,914,1680,N/A,ENABLED,53,914,1680,N/A,ENABLED,53,914,1680,N/A,ENABLED,44,711,1400,N/A,ENABLED,44,711,1400,N/A,ENABLED,44,711,1400,N/A,ENABLED,44,711,1400,N/A,ENABLED,N/A,76,79,7,813,N/A,N/A,N/A,N/A,ENABLED,2026,500,2100,DISABLED,DISABLED,2022,500,2100,DISABLED,DISABLED,2034,500,2100,DISABLED,DISABLED,2029,500,2100,DISABLED,DISABLED,2033,500,2100,DISABLED,DISABLED,2020,500,2100,DISABLED,DISABLED,2038,500,2100,DISABLED,DISABLED,2027,500,2100,DISABLED,DISABLED,1500,900,1500,N/A,DISABLED,53,914,1680,N/A,ENABLED,53,914,1680,N/A,ENABLED,53,914,1680,N/A,ENABLED,53,914,1680,N/A,ENABLED,44,711,1400,N/A,ENABLED,44,711,1400,N/A,ENABLED,44,711,1400,N/A,ENABLED,44,711,1400,N/A,ENABLED,N/A,64,66
1743961143,0,836,N/A,N/A,N/A,N/A,ENABLED,1984,500,2100,DISABLED,DISABLED,1970,500,2100,DISABLED,DISABLED,1985,500,2100,DISABLED,DISABLED,1985,500,2100,DISABLED,DISABLED,1987,500,2100,DISABLED,DISABLED,1975,500,2100,DISABLED,DISABLED,1988,500,2100,DISABLED,DISABLED,1983,500,2100,DISABLED,DISABLED,1500,900,1500,N/A,DISABLED,53,914,1680,N/A,ENABLED,53,914,1680,N/A,ENABLED,53,914,1680,N/A,ENABLED,53,914,1680,N/A,ENABLED,44,711,1400,N/A,ENABLED,44,711,1400,N/A,ENABLED,44,711,1400,N/A,ENABLED,44,711,1400,N/A,ENABLED,N/A,74,76,1,795,N/A,N/A,N/A,N/A,ENABLED,2047,500,2100,DISABLED,DISABLED,2045,500,2100,DISABLED,DISABLED,2057,500,2100,DISABLED,DISABLED,2040,500,2100,DISABLED,DISABLED,2045,500,2100,DISABLED,DISABLED,2046,500,2100,DISABLED,DISABLED,2040,500,2100,DISABLED,DISABLED,2036,500,2100,DISABLED,DISABLED,1500,900,1500,N/A,DISABLED,52,914,1680,N/A,ENABLED,52,914,1680,N/A,ENABLED,52,914,1680,N/A,ENABLED,52,914,1680,N/A,ENABLED,44,711,1400,N/A,ENABLED,44,711,1400,N/A,ENABLED,44,711,1400,N/A,ENABLED,44,711,1400,N/A,ENABLED,N/A,60,62,2,800,N/A,N/A,N/A,N/A,ENABLED,2012,500,2100,DISABLED,DISABLED,2002,500,2100,DISABLED,DISABLED,2015,500,2100,DISABLED,DISABLED,2003,500,2100,DISABLED,DISABLED,2004,500,2100,DISABLED,DISABLED,1990,500,2100,DISABLED,DISABLED,2014,500,2100,DISABLED,DISABLED,2011,500,2100,DISABLED,DISABLED,1500,900,1500,N/A,DISABLED,52,914,1680,N/A,ENABLED,52,914,1680,N/A,ENABLED,52,914,1680,N/A,ENABLED,52,914,1680,N/A,ENABLED,44,711,1400,N/A,ENABLED,44,711,1400,N/A,ENABLED,44,711,1400,N/A,ENABLED,44,711,1400,N/A,ENABLED,N/A,61,65,3,848,N/A,N/A,N/A,N/A,ENABLED,1898,500,2100,DISABLED,DISABLED,1896,500,2100,DISABLED,DISABLED,1903,500,2100,DISABLED,DISABLED,1897,500,2100,DISABLED,DISABLED,1891,500,2100,DISABLED,DISABLED,1886,500,2100,DISABLED,DISABLED,1893,500,2100,DISABLED,DISABLED,1887,500,2100,DISABLED,DISABLED,1500,900,1500,N/A,DISABLED,52,914,1680,N/A,ENABLED,52,914,1680,N/A,ENABLED,52,914,1680,N/A,ENABLED,52,914,1680,N/A,ENABLED,44,711,1400,N/A,ENABLED,44,711,1400,N/A,ENABLED,44,711,1400,N/A,ENABLED,44,711,1400,N/A,ENABLED,N/A,80,79,4,835,N/A,N/A,N/A,N/A,ENABLED,2023,500,2100,DISABLED,DISABLED,2016,500,2100,DISABLED,DISABLED,2030,500,2100,DISABLED,DISABLED,2016,500,2100,DISABLED,DISABLED,2023,500,2100,DISABLED,DISABLED,2020,500,2100,DISABLED,DISABLED,2021,500,2100,DISABLED,DISABLED,2009,500,2100,DISABLED,DISABLED,1500,900,1500,N/A,DISABLED,52,914,1680,N/A,ENABLED,52,914,1680,N/A,ENABLED,52,914,1680,N/A,ENABLED,52,914,1680,N/A,ENABLED,44,711,1400,N/A,ENABLED,44,711,1400,N/A,ENABLED,44,711,1400,N/A,ENABLED,44,711,1400,N/A,ENABLED,N/A,75,77,5,810,N/A,N/A,N/A,N/A,ENABLED,2043,500,2100,DISABLED,DISABLED,2039,500,2100,DISABLED,DISABLED,2043,500,2100,DISABLED,DISABLED,2040,500,2100,DISABLED,DISABLED,2048,500,2100,DISABLED,DISABLED,2034,500,2100,DISABLED,DISABLED,2050,500,2100,DISABLED,DISABLED,2038,500,2100,DISABLED,DISABLED,1500,900,1500,N/A,DISABLED,52,914,1680,N/A,ENABLED,52,914,1680,N/A,ENABLED,52,914,1680,N/A,ENABLED,52,914,1680,N/A,ENABLED,44,711,1400,N/A,ENABLED,44,711,1400,N/A,ENABLED,44,711,1400,N/A,ENABLED,44,711,1400,N/A,ENABLED,N/A,60,62,6,855,N/A,N/A,N/A,N/A,ENABLED,1924,500,2100,DISABLED,DISABLED,1919,500,2100,DISABLED,DISABLED,1940,500,2100,DISABLED,DISABLED,1927,500,2100,DISABLED,DISABLED,1931,500,2100,DISABLED,DISABLED,1915,500,2100,DISABLED,DISABLED,1929,500,2100,DISABLED,DISABLED,1925,500,2100,DISABLED,DISABLED,1500,900,1500,N/A,DISABLED,52,914,1680,N/A,ENABLED,52,914,1680,N/A,ENABLED,52,914,1680,N/A,ENABLED,52,914,1680,N/A,ENABLED,44,711,1400,N/A,ENABLED,44,711,1400,N/A,ENABLED,44,711,1400,N/A,ENABLED,44,711,1400,N/A,ENABLED,N/A,76,80,7,813,N/A,N/A,N/A,N/A,ENABLED,2028,500,2100,DISABLED,DISABLED,2023,500,2100,DISABLED,DISABLED,2036,500,2100,DISABLED,DISABLED,2031,500,2100,DISABLED,DISABLED,2034,500,2100,DISABLED,DISABLED,2022,500,2100,DISABLED,DISABLED,2039,500,2100,DISABLED,DISABLED,2028,500,2100,DISABLED,DISABLED,1500,900,1500,N/A,DISABLED,52,914,1680,N/A,ENABLED,52,914,1680,N/A,ENABLED,52,914,1680,N/A,ENABLED,52,914,1680,N/A,ENABLED,44,711,1400,N/A,ENABLED,44,711,1400,N/A,ENABLED,44,711,1400,N/A,ENABLED,44,711,1400,N/A,ENABLED,N/A,64,65
1743961144,0,833,N/A,N/A,N/A,N/A,ENABLED,1984,500,2100,DISABLED,DISABLED,1969,500,2100,DISABLED,DISABLED,1984,500,2100,DISABLED,DISABLED,1984,500,2100,DISABLED,DISABLED,1987,500,2100,DISABLED,DISABLED,1974,500,2100,DISABLED,DISABLED,1988,500,2100,DISABLED,DISABLED,1982,500,2100,DISABLED,DISABLED,1500,900,1500,N/A,DISABLED,53,914,1680,N/A,ENABLED,53,914,1680,N/A,ENABLED,53,914,1680,N/A,ENABLED,53,914,1680,N/A,ENABLED,44,711,1400,N/A,ENABLED,44,711,1400,N/A,ENABLED,44,711,1400,N/A,ENABLED,44,711,1400,N/A,ENABLED,N/A,74,77,1,759,N/A,N/A,N/A,N/A,ENABLED,2050,500,2100,DISABLED,DISABLED,2049,500,2100,DISABLED,DISABLED,2059,500,2100,DISABLED,DISABLED,2044,500,2100,DISABLED,DISABLED,2048,500,2100,DISABLED,DISABLED,2049,500,2100,DISABLED,DISABLED,2042,500,2100,DISABLED,DISABLED,2039,500,2100,DISABLED,DISABLED,1500,900,1500,N/A,DISABLED,53,914,1680,N/A,ENABLED,53,914,1680,N/A,ENABLED,53,914,1680,N/A,ENABLED,53,914,1680,N/A,ENABLED,44,711,1400,N/A,ENABLED,44,711,1400,N/A,ENABLED,44,711,1400,N/A,ENABLED,44,711,1400,N/A,ENABLED,N/A,60,62,2,745,N/A,N/A,N/A,N/A,ENABLED,2020,500,2100,DISABLED,DISABLED,2012,500,2100,DISABLED,DISABLED,2023,500,2100,DISABLED,DISABLED,2012,500,2100,DISABLED,DISABLED,2013,500,2100,DISABLED,DISABLED,2000,500,2100,DISABLED,DISABLED,2023,500,2100,DISABLED,DISABLED,2020,500,2100,DISABLED,DISABLED,1500,900,1500,N/A,DISABLED,53,914,1680,N/A,ENABLED,53,914,1680,N/A,ENABLED,53,914,1680,N/A,ENABLED,53,914,1680,N/A,ENABLED,44,711,1400,N/A,ENABLED,44,711,1400,N/A,ENABLED,44,711,1400,N/A,ENABLED,44,711,1400,N/A,ENABLED,N/A,61,63,3,763,N/A,N/A,N/A,N/A,ENABLED,1926,500,2100,DISABLED,DISABLED,1924,500,2100,DISABLED,DISABLED,1928,500,2100,DISABLED,DISABLED,1925,500,2100,DISABLED,DISABLED,1918,500,2100,DISABLED,DISABLED,1916,500,2100,DISABLED,DISABLED,1921,500,2100,DISABLED,DISABLED,1916,500,2100,DISABLED,DISABLED,1500,900,1500,N/A,DISABLED,53,914,1680,N/A,ENABLED,53,914,1680,N/A,ENABLED,53,914,1680,N/A,ENABLED,53,914,1680,N/A,ENABLED,44,711,1400,N/A,ENABLED,44,711,1400,N/A,ENABLED,44,711,1400,N/A,ENABLED,44,711,1400,N/A,ENABLED,N/A,80,76,4,738,N/A,N/A,N/A,N/A,ENABLED,2036,500,2100,DISABLED,DISABLED,2031,500,2100,DISABLED,DISABLED,2043,500,2100,DISABLED,DISABLED,2030,500,2100,DISABLED,DISABLED,2036,500,2100,DISABLED,DISABLED,2035,500,2100,DISABLED,DISABLED,2034,500,2100,DISABLED,DISABLED,2025,500,2100,DISABLED,DISABLED,1500,900,1500,N/A,DISABLED,53,914,1680,N/A,ENABLED,53,914,1680,N/A,ENABLED,53,914,1680,N/A,ENABLED,53,914,1680,N/A,ENABLED,44,711,1400,N/A,ENABLED,44,711,1400,N/A,ENABLED,44,711,1400,N/A,ENABLED,44,711,1400,N/A,ENABLED,N/A,75,74,5,686,N/A,N/A,N/A,N/A,ENABLED,2055,500,2100,DISABLED,DISABLED,2052,500,2100,DISABLED,DISABLED,2053,500,2100,DISABLED,DISABLED,2051,500,2100,DISABLED,DISABLED,2062,500,2100,DISABLED,DISABLED,2048,500,2100,DISABLED,DISABLED,2062,500,2100,DISABLED,DISABLED,2050,500,2100,DISABLED,DISABLED,1500,900,1500,N/A,DISABLED,53,914,1680,N/A,ENABLED,53,914,1680,N/A,ENABLED,53,914,1680,N/A,ENABLED,53,914,1680,N/A,ENABLED,44,711,1400,N/A,ENABLED,44,711,1400,N/A,ENABLED,44,711,1400,N/A,ENABLED,44,711,1400,N/A,ENABLED,N/A,60,59,6,706,N/A,N/A,N/A,N/A,ENABLED,1969,500,2100,DISABLED,DISABLED,1964,500,2100,DISABLED,DISABLED,1982,500,2100,DISABLED,DISABLED,1973,500,2100,DISABLED,DISABLED,1976,500,2100,DISABLED,DISABLED,1964,500,2100,DISABLED,DISABLED,1972,500,2100,DISABLED,DISABLED,1971,500,2100,DISABLED,DISABLED,1500,900,1500,N/A,DISABLED,53,914,1680,N/A,ENABLED,53,914,1680,N/A,ENABLED,53,914,1680,N/A,ENABLED,53,914,1680,N/A,ENABLED,44,711,1400,N/A,ENABLED,44,711,1400,N/A,ENABLED,44,711,1400,N/A,ENABLED,44,711,1400,N/A,ENABLED,N/A,76,75,7,647,N/A,N/A,N/A,N/A,ENABLED,2051,500,2100,DISABLED,DISABLED,2048,500,2100,DISABLED,DISABLED,2055,500,2100,DISABLED,DISABLED,2054,500,2100,DISABLED,DISABLED,2056,500,2100,DISABLED,DISABLED,2046,500,2100,DISABLED,DISABLED,2061,500,2100,DISABLED,DISABLED,2053,500,2100,DISABLED,DISABLED,1500,900,1500,N/A,DISABLED,53,914,1680,N/A,ENABLED,53,914,1680,N/A,ENABLED,53,914,1680,N/A,ENABLED,53,914,1680,N/A,ENABLED,44,711,1400,N/A,ENABLED,44,711,1400,N/A,ENABLED,44,711,1400,N/A,ENABLED,44,711,1400,N/A,ENABLED,N/A,64,61
1743961146,0,218,N/A,N/A,N/A,N/A,ENABLED,2102,500,2102,DISABLED,DISABLED,2097,500,2102,DISABLED,DISABLED,2096,500,2102,DISABLED,DISABLED,2106,500,2102,DISABLED,DISABLED,2106,500,2102,DISABLED,DISABLED,2101,500,2102,DISABLED,DISABLED,2105,500,2102,DISABLED,DISABLED,2113,500,2102,DISABLED,DISABLED,900,900,1500,N/A,DISABLED,29,914,1680,N/A,ENABLED,29,914,1680,N/A,ENABLED,29,914,1680,N/A,ENABLED,29,914,1680,N/A,ENABLED,22,711,1400,N/A,ENABLED,22,711,1400,N/A,ENABLED,22,711,1400,N/A,ENABLED,22,711,1400,N/A,ENABLED,N/A,71,62,1,203,N/A,N/A,N/A,N/A,ENABLED,2106,500,2106,DISABLED,DISABLED,2110,500,2106,DISABLED,DISABLED,2109,500,2106,DISABLED,DISABLED,2104,500,2106,DISABLED,DISABLED,2104,500,2106,DISABLED,DISABLED,2106,500,2106,DISABLED,DISABLED,2098,500,2106,DISABLED,DISABLED,2109,500,2106,DISABLED,DISABLED,900,900,1500,N/A,DISABLED,29,914,1680,N/A,ENABLED,29,914,1680,N/A,ENABLED,29,914,1680,N/A,ENABLED,29,914,1680,N/A,ENABLED,22,711,1400,N/A,ENABLED,22,711,1400,N/A,ENABLED,22,711,1400,N/A,ENABLED,22,711,1400,N/A,ENABLED,N/A,58,48,2,208,N/A,N/A,N/A,N/A,ENABLED,2110,500,2110,DISABLED,DISABLED,2105,500,2110,DISABLED,DISABLED,2102,500,2110,DISABLED,DISABLED,2102,500,2110,DISABLED,DISABLED,2102,500,2110,DISABLED,DISABLED,2097,500,2110,DISABLED,DISABLED,2109,500,2110,DISABLED,DISABLED,2114,500,2110,DISABLED,DISABLED,900,900,1500,N/A,DISABLED,29,914,1680,N/A,ENABLED,29,914,1680,N/A,ENABLED,29,914,1680,N/A,ENABLED,29,914,1680,N/A,ENABLED,22,711,1400,N/A,ENABLED,22,711,1400,N/A,ENABLED,22,711,1400,N/A,ENABLED,22,711,1400,N/A,ENABLED,N/A,59,51,3,230,N/A,N/A,N/A,N/A,ENABLED,2110,500,2110,DISABLED,DISABLED,2110,500,2110,DISABLED,DISABLED,2104,500,2110,DISABLED,DISABLED,2111,500,2110,DISABLED,DISABLED,2096,500,2110,DISABLED,DISABLED,2103,500,2110,DISABLED,DISABLED,2106,500,2110,DISABLED,DISABLED,2106,500,2110,DISABLED,DISABLED,900,900,1500,N/A,DISABLED,29,914,1680,N/A,ENABLED,29,914,1680,N/A,ENABLED,29,914,1680,N/A,ENABLED,29,914,1680,N/A,ENABLED,22,711,1400,N/A,ENABLED,22,711,1400,N/A,ENABLED,22,711,1400,N/A,ENABLED,22,711,1400,N/A,ENABLED,N/A,74,64,4,235,N/A,N/A,N/A,N/A,ENABLED,2102,500,2102,DISABLED,DISABLED,2105,500,2102,DISABLED,DISABLED,2103,500,2102,DISABLED,DISABLED,2100,500,2102,DISABLED,DISABLED,2104,500,2102,DISABLED,DISABLED,2106,500,2102,DISABLED,DISABLED,2099,500,2102,DISABLED,DISABLED,2102,500,2102,DISABLED,DISABLED,900,900,1500,N/A,DISABLED,29,914,1680,N/A,ENABLED,29,914,1680,N/A,ENABLED,29,914,1680,N/A,ENABLED,29,914,1680,N/A,ENABLED,22,711,1400,N/A,ENABLED,22,711,1400,N/A,ENABLED,22,711,1400,N/A,ENABLED,22,711,1400,N/A,ENABLED,N/A,72,63,5,205,N/A,N/A,N/A,N/A,ENABLED,2103,500,2103,DISABLED,DISABLED,2106,500,2103,DISABLED,DISABLED,2098,500,2103,DISABLED,DISABLED,2103,500,2103,DISABLED,DISABLED,2112,500,2103,DISABLED,DISABLED,2107,500,2103,DISABLED,DISABLED,2110,500,2103,DISABLED,DISABLED,2108,500,2103,DISABLED,DISABLED,900,900,1500,N/A,DISABLED,29,914,1680,N/A,ENABLED,29,914,1680,N/A,ENABLED,29,914,1680,N/A,ENABLED,29,914,1680,N/A,ENABLED,22,711,1400,N/A,ENABLED,22,711,1400,N/A,ENABLED,22,711,1400,N/A,ENABLED,22,711,1400,N/A,ENABLED,N/A,58,48,6,231,N/A,N/A,N/A,N/A,ENABLED,2098,500,2100,DISABLED,DISABLED,2096,500,2100,DISABLED,DISABLED,2104,500,2100,DISABLED,DISABLED,2104,500,2100,DISABLED,DISABLED,2105,500,2100,DISABLED,DISABLED,2097,500,2100,DISABLED,DISABLED,2101,500,2100,DISABLED,DISABLED,2105,500,2100,DISABLED,DISABLED,900,900,1500,N/A,DISABLED,29,914,1680,N/A,ENABLED,29,914,1680,N/A,ENABLED,29,914,1680,N/A,ENABLED,29,914,1680,N/A,ENABLED,22,711,1400,N/A,ENABLED,22,711,1400,N/A,ENABLED,22,711,1400,N/A,ENABLED,22,711,1400,N/A,ENABLED,N/A,74,65,7,205,N/A,N/A,N/A,N/A,ENABLED,2104,500,2104,DISABLED,DISABLED,2105,500,2104,DISABLED,DISABLED,2099,500,2104,DISABLED,DISABLED,2106,500,2104,DISABLED,DISABLED,2104,500,2104,DISABLED,DISABLED,2103,500,2104,DISABLED,DISABLED,2110,500,2104,DISABLED,DISABLED,2111,500,2104,DISABLED,DISABLED,900,900,1500,N/A,DISABLED,29,914,1680,N/A,ENABLED,29,914,1680,N/A,ENABLED,29,914,1680,N/A,ENABLED,29,914,1680,N/A,ENABLED,22,711,1400,N/A,ENABLED,22,711,1400,N/A,ENABLED,22,711,1400,N/A,ENABLED,22,711,1400,N/A,ENABLED,N/A,62,51
1743961147,0,216,N/A,N/A,N/A,N/A,ENABLED,2102,500,2102,DISABLED,DISABLED,2097,500,2102,DISABLED,DISABLED,2095,500,2102,DISABLED,DISABLED,2107,500,2102,DISABLED,DISABLED,2107,500,2102,DISABLED,DISABLED,2101,500,2102,DISABLED,DISABLED,2105,500,2102,DISABLED,DISABLED,2113,500,2102,DISABLED,DISABLED,900,900,1500,N/A,DISABLED,29,914,1680,N/A,ENABLED,29,914,1680,N/A,ENABLED,29,914,1680,N/A,ENABLED,29,914,1680,N/A,ENABLED,22,711,1400,N/A,ENABLED,22,711,1400,N/A,ENABLED,22,711,1400,N/A,ENABLED,22,711,1400,N/A,ENABLED,N/A,69,60,1,202,N/A,N/A,N/A,N/A,ENABLED,2106,500,2106,DISABLED,DISABLED,2110,500,2106,DISABLED,DISABLED,2109,500,2106,DISABLED,DISABLED,2104,500,2106,DISABLED,DISABLED,2103,500,2106,DISABLED,DISABLED,2107,500,2106,DISABLED,DISABLED,2100,500,2106,DISABLED,DISABLED,2112,500,2106,DISABLED,DISABLED,900,900,1500,N/A,DISABLED,29,914,1680,N/A,ENABLED,29,914,1680,N/A,ENABLED,29,914,1680,N/A,ENABLED,29,914,1680,N/A,ENABLED,22,711,1400,N/A,ENABLED,22,711,1400,N/A,ENABLED,22,711,1400,N/A,ENABLED,22,711,1400,N/A,ENABLED,N/A,56,47,2,206,N/A,N/A,N/A,N/A,ENABLED,2110,500,2110,DISABLED,DISABLED,2105,500,2110,DISABLED,DISABLED,2102,500,2110,DISABLED,DISABLED,2103,500,2110,DISABLED,DISABLED,2102,500,2110,DISABLED,DISABLED,2098,500,2110,DISABLED,DISABLED,2109,500,2110,DISABLED,DISABLED,2113,500,2110,DISABLED,DISABLED,900,900,1500,N/A,DISABLED,29,914,1680,N/A,ENABLED,29,914,1680,N/A,ENABLED,29,914,1680,N/A,ENABLED,29,914,1680,N/A,ENABLED,22,711,1400,N/A,ENABLED,22,711,1400,N/A,ENABLED,22,711,1400,N/A,ENABLED,22,711,1400,N/A,ENABLED,N/A,58,50,3,228,N/A,N/A,N/A,N/A,ENABLED,2109,500,2109,DISABLED,DISABLED,2110,500,2109,DISABLED,DISABLED,2103,500,2109,DISABLED,DISABLED,2111,500,2109,DISABLED,DISABLED,2096,500,2109,DISABLED,DISABLED,2104,500,2109,DISABLED,DISABLED,2107,500,2109,DISABLED,DISABLED,2105,500,2109,DISABLED,DISABLED,900,900,1500,N/A,DISABLED,29,914,1680,N/A,ENABLED,29,914,1680,N/A,ENABLED,29,914,1680,N/A,ENABLED,29,914,1680,N/A,ENABLED,22,711,1400,N/A,ENABLED,22,711,1400,N/A,ENABLED,22,711,1400,N/A,ENABLED,22,711,1400,N/A,ENABLED,N/A,72,62,4,233,N/A,N/A,N/A,N/A,ENABLED,2102,500,2102,DISABLED,DISABLED,2105,500,2102,DISABLED,DISABLED,2103,500,2102,DISABLED,DISABLED,2099,500,2102,DISABLED,DISABLED,2104,500,2102,DISABLED,DISABLED,2105,500,2102,DISABLED,DISABLED,2099,500,2102,DISABLED,DISABLED,2102,500,2102,DISABLED,DISABLED,900,900,1500,N/A,DISABLED,29,914,1680,N/A,ENABLED,29,914,1680,N/A,ENABLED,29,914,1680,N/A,ENABLED,29,914,1680,N/A,ENABLED,22,711,1400,N/A,ENABLED,22,711,1400,N/A,ENABLED,22,711,1400,N/A,ENABLED,22,711,1400,N/A,ENABLED,N/A,71,62,5,203,N/A,N/A,N/A,N/A,ENABLED,2104,500,2104,DISABLED,DISABLED,2106,500,2104,DISABLED,DISABLED,2099,500,2104,DISABLED,DISABLED,2103,500,2104,DISABLED,DISABLED,2112,500,2104,DISABLED,DISABLED,2108,500,2104,DISABLED,DISABLED,2111,500,2104,DISABLED,DISABLED,2109,500,2104,DISABLED,DISABLED,900,900,1500,N/A,DISABLED,29,914,1680,N/A,ENABLED,29,914,1680,N/A,ENABLED,29,914,1680,N/A,ENABLED,29,914,1680,N/A,ENABLED,22,711,1400,N/A,ENABLED,22,711,1400,N/A,ENABLED,22,711,1400,N/A,ENABLED,22,711,1400,N/A,ENABLED,N/A,56,47,6,230,N/A,N/A,N/A,N/A,ENABLED,2098,500,2100,DISABLED,DISABLED,2096,500,2100,DISABLED,DISABLED,2104,500,2100,DISABLED,DISABLED,2104,500,2100,DISABLED,DISABLED,2103,500,2100,DISABLED,DISABLED,2100,500,2100,DISABLED,DISABLED,2102,500,2100,DISABLED,DISABLED,2105,500,2100,DISABLED,DISABLED,900,900,1500,N/A,DISABLED,29,914,1680,N/A,ENABLED,29,914,1680,N/A,ENABLED,29,914,1680,N/A,ENABLED,29,914,1680,N/A,ENABLED,22,711,1400,N/A,ENABLED,22,711,1400,N/A,ENABLED,22,711,1400,N/A,ENABLED,22,711,1400,N/A,ENABLED,N/A,73,64,7,205,N/A,N/A,N/A,N/A,ENABLED,2105,500,2105,DISABLED,DISABLED,2105,500,2105,DISABLED,DISABLED,2099,500,2105,DISABLED,DISABLED,2107,500,2105,DISABLED,DISABLED,2104,500,2105,DISABLED,DISABLED,2103,500,2105,DISABLED,DISABLED,2110,500,2105,DISABLED,DISABLED,2111,500,2105,DISABLED,DISABLED,900,900,1500,N/A,DISABLED,29,914,1680,N/A,ENABLED,29,914,1680,N/A,ENABLED,29,914,1680,N/A,ENABLED,29,914,1680,N/A,ENABLED,22,711,1400,N/A,ENABLED,22,711,1400,N/A,ENABLED,22,711,1400,N/A,ENABLED,22,711,1400,N/A,ENABLED,N/A,61,49
1743961148,0,175,N/A,N/A,N/A,N/A,ENABLED,2103,500,2103,DISABLED,DISABLED,2096,500,2103,DISABLED,DISABLED,2095,500,2103,DISABLED,DISABLED,2106,500,2103,DISABLED,DISABLED,2106,500,2103,DISABLED,DISABLED,2100,500,2103,DISABLED,DISABLED,2105,500,2103,DISABLED,DISABLED,2113,500,2103,DISABLED,DISABLED,900,900,1500,N/A,DISABLED,29,914,1680,N/A,ENABLED,29,914,1680,N/A,ENABLED,29,914,1680,N/A,ENABLED,29,914,1680,N/A,ENABLED,22,711,1400,N/A,ENABLED,22,711,1400,N/A,ENABLED,22,711,1400,N/A,ENABLED,22,711,1400,N/A,ENABLED,N/A,63,60,1,159,N/A,N/A,N/A,N/A,ENABLED,2106,500,2106,DISABLED,DISABLED,2110,500,2106,DISABLED,DISABLED,2109,500,2106,DISABLED,DISABLED,2104,500,2106,DISABLED,DISABLED,2102,500,2106,DISABLED,DISABLED,2106,500,2106,DISABLED,DISABLED,2100,500,2106,DISABLED,DISABLED,2111,500,2106,DISABLED,DISABLED,900,900,1500,N/A,DISABLED,29,914,1680,N/A,ENABLED,29,914,1680,N/A,ENABLED,29,914,1680,N/A,ENABLED,29,914,1680,N/A,ENABLED,22,711,1400,N/A,ENABLED,22,711,1400,N/A,ENABLED,22,711,1400,N/A,ENABLED,22,711,1400,N/A,ENABLED,N/A,50,46,2,163,N/A,N/A,N/A,N/A,ENABLED,2109,500,2109,DISABLED,DISABLED,2105,500,2109,DISABLED,DISABLED,2102,500,2109,DISABLED,DISABLED,2102,500,2109,DISABLED,DISABLED,2101,500,2109,DISABLED,DISABLED,2097,500,2109,DISABLED,DISABLED,2108,500,2109,DISABLED,DISABLED,2113,500,2109,DISABLED,DISABLED,900,900,1500,N/A,DISABLED,29,914,1680,N/A,ENABLED,29,914,1680,N/A,ENABLED,29,914,1680,N/A,ENABLED,29,914,1680,N/A,ENABLED,22,711,1400,N/A,ENABLED,22,711,1400,N/A,ENABLED,22,711,1400,N/A,ENABLED,22,711,1400,N/A,ENABLED,N/A,52,49,3,186,N/A,N/A,N/A,N/A,ENABLED,2109,500,2109,DISABLED,DISABLED,2109,500,2109,DISABLED,DISABLED,2103,500,2109,DISABLED,DISABLED,2110,500,2109,DISABLED,DISABLED,2096,500,2109,DISABLED,DISABLED,2103,500,2109,DISABLED,DISABLED,2107,500,2109,DISABLED,DISABLED,2106,500,2109,DISABLED,DISABLED,900,900,1500,N/A,DISABLED,29,914,1680,N/A,ENABLED,29,914,1680,N/A,ENABLED,29,914,1680,N/A,ENABLED,29,914,1680,N/A,ENABLED,22,711,1400,N/A,ENABLED,22,711,1400,N/A,ENABLED,22,711,1400,N/A,ENABLED,22,711,1400,N/A,ENABLED,N/A,66,62,4,189,N/A,N/A,N/A,N/A,ENABLED,2102,500,2102,DISABLED,DISABLED,2104,500,2102,DISABLED,DISABLED,2102,500,2102,DISABLED,DISABLED,2099,500,2102,DISABLED,DISABLED,2103,500,2102,DISABLED,DISABLED,2105,500,2102,DISABLED,DISABLED,2099,500,2102,DISABLED,DISABLED,2102,500,2102,DISABLED,DISABLED,900,900,1500,N/A,DISABLED,29,914,1680,N/A,ENABLED,29,914,1680,N/A,ENABLED,29,914,1680,N/A,ENABLED,29,914,1680,N/A,ENABLED,22,711,1400,N/A,ENABLED,22,711,1400,N/A,ENABLED,22,711,1400,N/A,ENABLED,22,711,1400,N/A,ENABLED,N/A,65,61,5,163,N/A,N/A,N/A,N/A,ENABLED,2103,500,2103,DISABLED,DISABLED,2105,500,2103,DISABLED,DISABLED,2097,500,2103,DISABLED,DISABLED,2102,500,2103,DISABLED,DISABLED,2111,500,2103,DISABLED,DISABLED,2106,500,2103,DISABLED,DISABLED,2109,500,2103,DISABLED,DISABLED,2107,500,2103,DISABLED,DISABLED,900,900,1500,N/A,DISABLED,29,914,1680,N/A,ENABLED,29,914,1680,N/A,ENABLED,29,914,1680,N/A,ENABLED,29,914,1680,N/A,ENABLED,22,711,1400,N/A,ENABLED,22,711,1400,N/A,ENABLED,22,711,1400,N/A,ENABLED,22,711,1400,N/A,ENABLED,N/A,51,46,6,185,N/A,N/A,N/A,N/A,ENABLED,2097,500,2100,DISABLED,DISABLED,2096,500,2100,DISABLED,DISABLED,2104,500,2100,DISABLED,DISABLED,2103,500,2100,DISABLED,DISABLED,2101,500,2100,DISABLED,DISABLED,2099,500,2100,DISABLED,DISABLED,2101,500,2100,DISABLED,DISABLED,2105,500,2100,DISABLED,DISABLED,900,900,1500,N/A,DISABLED,29,914,1680,N/A,ENABLED,29,914,1680,N/A,ENABLED,29,914,1680,N/A,ENABLED,29,914,1680,N/A,ENABLED,22,711,1400,N/A,ENABLED,22,711,1400,N/A,ENABLED,22,711,1400,N/A,ENABLED,22,711,1400,N/A,ENABLED,N/A,66,63,7,164,N/A,N/A,N/A,N/A,ENABLED,2105,500,2105,DISABLED,DISABLED,2104,500,2105,DISABLED,DISABLED,2099,500,2105,DISABLED,DISABLED,2106,500,2105,DISABLED,DISABLED,2103,500,2105,DISABLED,DISABLED,2101,500,2105,DISABLED,DISABLED,2109,500,2105,DISABLED,DISABLED,2110,500,2105,DISABLED,DISABLED,900,900,1500,N/A,DISABLED,29,914,1680,N/A,ENABLED,29,914,1680,N/A,ENABLED,29,914,1680,N/A,ENABLED,29,914,1680,N/A,ENABLED,22,711,1400,N/A,ENABLED,22,711,1400,N/A,ENABLED,22,711,1400,N/A,ENABLED,22,711,1400,N/A,ENABLED,N/A,55,48
1743961150,0,175,N/A,N/A,N/A,N/A,ENABLED,2103,500,2103,DISABLED,DISABLED,2097,500,2103,DISABLED,DISABLED,2095,500,2103,DISABLED,DISABLED,2106,500,2103,DISABLED,DISABLED,2107,500,2103,DISABLED,DISABLED,2100,500,2103,DISABLED,DISABLED,2106,500,2103,DISABLED,DISABLED,2113,500,2103,DISABLED,DISABLED,900,900,1500,N/A,DISABLED,29,914,1680,N/A,ENABLED,29,914,1680,N/A,ENABLED,29,914,1680,N/A,ENABLED,29,914,1680,N/A,ENABLED,22,711,1400,N/A,ENABLED,22,711,1400,N/A,ENABLED,22,711,1400,N/A,ENABLED,22,711,1400,N/A,ENABLED,N/A,60,59,1,158,N/A,N/A,N/A,N/A,ENABLED,2106,500,2106,DISABLED,DISABLED,2110,500,2106,DISABLED,DISABLED,2109,500,2106,DISABLED,DISABLED,2104,500,2106,DISABLED,DISABLED,2103,500,2106,DISABLED,DISABLED,2106,500,2106,DISABLED,DISABLED,2100,500,2106,DISABLED,DISABLED,2112,500,2106,DISABLED,DISABLED,900,900,1500,N/A,DISABLED,29,914,1680,N/A,ENABLED,29,914,1680,N/A,ENABLED,29,914,1680,N/A,ENABLED,29,914,1680,N/A,ENABLED,22,711,1400,N/A,ENABLED,22,711,1400,N/A,ENABLED,22,711,1400,N/A,ENABLED,22,711,1400,N/A,ENABLED,N/A,48,46,2,162,N/A,N/A,N/A,N/A,ENABLED,2109,500,2109,DISABLED,DISABLED,2105,500,2109,DISABLED,DISABLED,2103,500,2109,DISABLED,DISABLED,2103,500,2109,DISABLED,DISABLED,2101,500,2109,DISABLED,DISABLED,2097,500,2109,DISABLED,DISABLED,2108,500,2109,DISABLED,DISABLED,2113,500,2109,DISABLED,DISABLED,900,900,1500,N/A,DISABLED,29,914,1680,N/A,ENABLED,29,914,1680,N/A,ENABLED,29,914,1680,N/A,ENABLED,29,914,1680,N/A,ENABLED,22,711,1400,N/A,ENABLED,22,711,1400,N/A,ENABLED,22,711,1400,N/A,ENABLED,22,711,1400,N/A,ENABLED,N/A,49,48,3,186,N/A,N/A,N/A,N/A,ENABLED,2109,500,2109,DISABLED,DISABLED,2110,500,2109,DISABLED,DISABLED,2103,500,2109,DISABLED,DISABLED,2110,500,2109,DISABLED,DISABLED,2096,500,2109,DISABLED,DISABLED,2103,500,2109,DISABLED,DISABLED,2107,500,2109,DISABLED,DISABLED,2106,500,2109,DISABLED,DISABLED,900,900,1500,N/A,DISABLED,29,914,1680,N/A,ENABLED,29,914,1680,N/A,ENABLED,29,914,1680,N/A,ENABLED,29,914,1680,N/A,ENABLED,22,711,1400,N/A,ENABLED,22,711,1400,N/A,ENABLED,22,711,1400,N/A,ENABLED,22,711,1400,N/A,ENABLED,N/A,64,61,4,189,N/A,N/A,N/A,N/A,ENABLED,2102,500,2102,DISABLED,DISABLED,2104,500,2102,DISABLED,DISABLED,2103,500,2102,DISABLED,DISABLED,2099,500,2102,DISABLED,DISABLED,2105,500,2102,DISABLED,DISABLED,2105,500,2102,DISABLED,DISABLED,2099,500,2102,DISABLED,DISABLED,2102,500,2102,DISABLED,DISABLED,900,900,1500,N/A,DISABLED,29,914,1680,N/A,ENABLED,29,914,1680,N/A,ENABLED,29,914,1680,N/A,ENABLED,29,914,1680,N/A,ENABLED,22,711,1400,N/A,ENABLED,22,711,1400,N/A,ENABLED,22,711,1400,N/A,ENABLED,22,711,1400,N/A,ENABLED,N/A,63,61,5,162,N/A,N/A,N/A,N/A,ENABLED,2104,500,2104,DISABLED,DISABLED,2107,500,2104,DISABLED,DISABLED,2099,500,2104,DISABLED,DISABLED,2102,500,2104,DISABLED,DISABLED,2112,500,2104,DISABLED,DISABLED,2106,500,2104,DISABLED,DISABLED,2110,500,2104,DISABLED,DISABLED,2108,500,2104,DISABLED,DISABLED,900,900,1500,N/A,DISABLED,29,914,1680,N/A,ENABLED,29,914,1680,N/A,ENABLED,29,914,1680,N/A,ENABLED,29,914,1680,N/A,ENABLED,22,711,1400,N/A,ENABLED,22,711,1400,N/A,ENABLED,22,711,1400,N/A,ENABLED,22,711,1400,N/A,ENABLED,N/A,49,46,6,185,N/A,N/A,N/A,N/A,ENABLED,2098,500,2100,DISABLED,DISABLED,2096,500,2100,DISABLED,DISABLED,2104,500,2100,DISABLED,DISABLED,2104,500,2100,DISABLED,DISABLED,2102,500,2100,DISABLED,DISABLED,2100,500,2100,DISABLED,DISABLED,2101,500,2100,DISABLED,DISABLED,2105,500,2100,DISABLED,DISABLED,900,900,1500,N/A,DISABLED,29,914,1680,N/A,ENABLED,29,914,1680,N/A,ENABLED,29,914,1680,N/A,ENABLED,29,914,1680,N/A,ENABLED,22,711,1400,N/A,ENABLED,22,711,1400,N/A,ENABLED,22,711,1400,N/A,ENABLED,22,711,1400,N/A,ENABLED,N/A,63,62,7,163,N/A,N/A,N/A,N/A,ENABLED,2106,500,2106,DISABLED,DISABLED,2105,500,2106,DISABLED,DISABLED,2099,500,2106,DISABLED,DISABLED,2107,500,2106,DISABLED,DISABLED,2103,500,2106,DISABLED,DISABLED,2102,500,2106,DISABLED,DISABLED,2110,500,2106,DISABLED,DISABLED,2111,500,2106,DISABLED,DISABLED,900,900,1500,N/A,DISABLED,29,914,1680,N/A,ENABLED,29,914,1680,N/A,ENABLED,29,914,1680,N/A,ENABLED,29,914,1680,N/A,ENABLED,22,711,1400,N/A,ENABLED,22,711,1400,N/A,ENABLED,22,711,1400,N/A,ENABLED,22,711,1400,N/A,ENABLED,N/A,52,48
1743961151,0,170,N/A,N/A,N/A,N/A,ENABLED,2103,500,2103,DISABLED,DISABLED,2098,500,2103,DISABLED,DISABLED,2095,500,2103,DISABLED,DISABLED,2107,500,2103,DISABLED,DISABLED,2107,500,2103,DISABLED,DISABLED,2101,500,2103,DISABLED,DISABLED,2106,500,2103,DISABLED,DISABLED,2114,500,2103,DISABLED,DISABLED,902,900,1500,N/A,DISABLED,29,914,1680,N/A,ENABLED,29,914,1680,N/A,ENABLED,29,914,1680,N/A,ENABLED,29,914,1680,N/A,ENABLED,22,711,1400,N/A,ENABLED,22,711,1400,N/A,ENABLED,22,711,1400,N/A,ENABLED,22,711,1400,N/A,ENABLED,N/A,59,58,1,155,N/A,N/A,N/A,N/A,ENABLED,2106,500,2106,DISABLED,DISABLED,2110,500,2106,DISABLED,DISABLED,2110,500,2106,DISABLED,DISABLED,2104,500,2106,DISABLED,DISABLED,2103,500,2106,DISABLED,DISABLED,2107,500,2106,DISABLED,DISABLED,2100,500,2106,DISABLED,DISABLED,2112,500,2106,DISABLED,DISABLED,902,900,1500,N/A,DISABLED,29,914,1680,N/A,ENABLED,29,914,1680,N/A,ENABLED,29,914,1680,N/A,ENABLED,29,914,1680,N/A,ENABLED,22,711,1400,N/A,ENABLED,22,711,1400,N/A,ENABLED,22,711,1400,N/A,ENABLED,22,711,1400,N/A,ENABLED,N/A,47,45,2,159,N/A,N/A,N/A,N/A,ENABLED,2109,500,2109,DISABLED,DISABLED,2106,500,2109,DISABLED,DISABLED,2103,500,2109,DISABLED,DISABLED,2103,500,2109,DISABLED,DISABLED,2102,500,2109,DISABLED,DISABLED,2098,500,2109,DISABLED,DISABLED,2108,500,2109,DISABLED,DISABLED,2113,500,2109,DISABLED,DISABLED,902,900,1500,N/A,DISABLED,29,914,1680,N/A,ENABLED,29,914,1680,N/A,ENABLED,29,914,1680,N/A,ENABLED,29,914,1680,N/A,ENABLED,22,711,1400,N/A,ENABLED,22,711,1400,N/A,ENABLED,22,711,1400,N/A,ENABLED,22,711,1400,N/A,ENABLED,N/A,48,48,3,182,N/A,N/A,N/A,N/A,ENABLED,2110,500,2110,DISABLED,DISABLED,2110,500,2110,DISABLED,DISABLED,2104,500,2110,DISABLED,DISABLED,2111,500,2110,DISABLED,DISABLED,2097,500,2110,DISABLED,DISABLED,2103,500,2110,DISABLED,DISABLED,2107,500,2110,DISABLED,DISABLED,2107,500,2110,DISABLED,DISABLED,902,900,1500,N/A,DISABLED,29,914,1680,N/A,ENABLED,29,914,1680,N/A,ENABLED,29,914,1680,N/A,ENABLED,29,914,1680,N/A,ENABLED,22,711,1400,N/A,ENABLED,22,711,1400,N/A,ENABLED,22,711,1400,N/A,ENABLED,22,711,1400,N/A,ENABLED,N/A,63,61,4,184,N/A,N/A,N/A,N/A,ENABLED,2103,500,2103,DISABLED,DISABLED,2104,500,2103,DISABLED,DISABLED,2103,500,2103,DISABLED,DISABLED,2100,500,2103,DISABLED,DISABLED,2105,500,2103,DISABLED,DISABLED,2106,500,2103,DISABLED,DISABLED,2100,500,2103,DISABLED,DISABLED,2103,500,2103,DISABLED,DISABLED,902,900,1500,N/A,DISABLED,29,914,1680,N/A,ENABLED,29,914,1680,N/A,ENABLED,29,914,1680,N/A,ENABLED,29,914,1680,N/A,ENABLED,22,711,1400,N/A,ENABLED,22,711,1400,N/A,ENABLED,22,711,1400,N/A,ENABLED,22,711,1400,N/A,ENABLED,N/A,62,60,5,157,N/A,N/A,N/A,N/A,ENABLED,2104,500,2104,DISABLED,DISABLED,2108,500,2104,DISABLED,DISABLED,2100,500,2104,DISABLED,DISABLED,2104,500,2104,DISABLED,DISABLED,2112,500,2104,DISABLED,DISABLED,2107,500,2104,DISABLED,DISABLED,2111,500,2104,DISABLED,DISABLED,2110,500,2104,DISABLED,DISABLED,902,900,1500,N/A,DISABLED,29,914,1680,N/A,ENABLED,29,914,1680,N/A,ENABLED,29,914,1680,N/A,ENABLED,29,914,1680,N/A,ENABLED,22,711,1400,N/A,ENABLED,22,711,1400,N/A,ENABLED,22,711,1400,N/A,ENABLED,22,711,1400,N/A,ENABLED,N/A,47,45,6,181,N/A,N/A,N/A,N/A,ENABLED,2098,500,2100,DISABLED,DISABLED,2097,500,2100,DISABLED,DISABLED,2105,500,2100,DISABLED,DISABLED,2105,500,2100,DISABLED,DISABLED,2102,500,2100,DISABLED,DISABLED,2101,500,2100,DISABLED,DISABLED,2102,500,2100,DISABLED,DISABLED,2106,500,2100,DISABLED,DISABLED,901,900,1500,N/A,DISABLED,29,914,1680,N/A,ENABLED,29,914,1680,N/A,ENABLED,29,914,1680,N/A,ENABLED,29,914,1680,N/A,ENABLED,22,711,1400,N/A,ENABLED,22,711,1400,N/A,ENABLED,22,711,1400,N/A,ENABLED,22,711,1400,N/A,ENABLED,N/A,62,61,7,159,N/A,N/A,N/A,N/A,ENABLED,2105,500,2105,DISABLED,DISABLED,2105,500,2105,DISABLED,DISABLED,2099,500,2105,DISABLED,DISABLED,2107,500,2105,DISABLED,DISABLED,2103,500,2105,DISABLED,DISABLED,2103,500,2105,DISABLED,DISABLED,2110,500,2105,DISABLED,DISABLED,2111,500,2105,DISABLED,DISABLED,901,900,1500,N/A,DISABLED,29,914,1680,N/A,ENABLED,29,914,1680,N/A,ENABLED,29,914,1680,N/A,ENABLED,29,914,1680,N/A,ENABLED,22,711,1400,N/A,ENABLED,22,711,1400,N/A,ENABLED,22,711,1400,N/A,ENABLED,22,711,1400,N/A,ENABLED,N/A,51,47
1743961152,0,169,N/A,N/A,N/A,N/A,ENABLED,2103,500,2103,DISABLED,DISABLED,2097,500,2103,DISABLED,DISABLED,2096,500,2103,DISABLED,DISABLED,2107,500,2103,DISABLED,DISABLED,2107,500,2103,DISABLED,DISABLED,2101,500,2103,DISABLED,DISABLED,2106,500,2103,DISABLED,DISABLED,2114,500,2103,DISABLED,DISABLED,900,900,1500,N/A,DISABLED,29,914,1680,N/A,ENABLED,29,914,1680,N/A,ENABLED,29,914,1680,N/A,ENABLED,29,914,1680,N/A,ENABLED,22,711,1400,N/A,ENABLED,22,711,1400,N/A,ENABLED,22,711,1400,N/A,ENABLED,22,711,1400,N/A,ENABLED,N/A,59,58,1,154,N/A,N/A,N/A,N/A,ENABLED,2106,500,2106,DISABLED,DISABLED,2110,500,2106,DISABLED,DISABLED,2109,500,2106,DISABLED,DISABLED,2104,500,2106,DISABLED,DISABLED,2103,500,2106,DISABLED,DISABLED,2106,500,2106,DISABLED,DISABLED,2100,500,2106,DISABLED,DISABLED,2112,500,2106,DISABLED,DISABLED,900,900,1500,N/A,DISABLED,29,914,1680,N/A,ENABLED,29,914,1680,N/A,ENABLED,29,914,1680,N/A,ENABLED,29,914,1680,N/A,ENABLED,22,711,1400,N/A,ENABLED,22,711,1400,N/A,ENABLED,22,711,1400,N/A,ENABLED,22,711,1400,N/A,ENABLED,N/A,46,44,2,158,N/A,N/A,N/A,N/A,ENABLED,2109,500,2109,DISABLED,DISABLED,2106,500,2109,DISABLED,DISABLED,2103,500,2109,DISABLED,DISABLED,2103,500,2109,DISABLED,DISABLED,2103,500,2109,DISABLED,DISABLED,2098,500,2109,DISABLED,DISABLED,2108,500,2109,DISABLED,DISABLED,2114,500,2109,DISABLED,DISABLED,900,900,1500,N/A,DISABLED,29,914,1680,N/A,ENABLED,29,914,1680,N/A,ENABLED,29,914,1680,N/A,ENABLED,29,914,1680,N/A,ENABLED,22,711,1400,N/A,ENABLED,22,711,1400,N/A,ENABLED,22,711,1400,N/A,ENABLED,22,711,1400,N/A,ENABLED,N/A,47,47,3,180,N/A,N/A,N/A,N/A,ENABLED,2109,500,2109,DISABLED,DISABLED,2110,500,2109,DISABLED,DISABLED,2104,500,2109,DISABLED,DISABLED,2111,500,2109,DISABLED,DISABLED,2097,500,2109,DISABLED,DISABLED,2103,500,2109,DISABLED,DISABLED,2107,500,2109,DISABLED,DISABLED,2107,500,2109,DISABLED,DISABLED,900,900,1500,N/A,DISABLED,29,914,1680,N/A,ENABLED,29,914,1680,N/A,ENABLED,29,914,1680,N/A,ENABLED,29,914,1680,N/A,ENABLED,22,711,1400,N/A,ENABLED,22,711,1400,N/A,ENABLED,22,711,1400,N/A,ENABLED,22,711,1400,N/A,ENABLED,N/A,62,60,4,184,N/A,N/A,N/A,N/A,ENABLED,2103,500,2103,DISABLED,DISABLED,2104,500,2103,DISABLED,DISABLED,2103,500,2103,DISABLED,DISABLED,2100,500,2103,DISABLED,DISABLED,2105,500,2103,DISABLED,DISABLED,2106,500,2103,DISABLED,DISABLED,2100,500,2103,DISABLED,DISABLED,2103,500,2103,DISABLED,DISABLED,900,900,1500,N/A,DISABLED,29,914,1680,N/A,ENABLED,29,914,1680,N/A,ENABLED,29,914,1680,N/A,ENABLED,29,914,1680,N/A,ENABLED,22,711,1400,N/A,ENABLED,22,711,1400,N/A,ENABLED,22,711,1400,N/A,ENABLED,22,711,1400,N/A,ENABLED,N/A,61,59,5,157,N/A,N/A,N/A,N/A,ENABLED,2104,500,2104,DISABLED,DISABLED,2108,500,2104,DISABLED,DISABLED,2099,500,2104,DISABLED,DISABLED,2103,500,2104,DISABLED,DISABLED,2112,500,2104,DISABLED,DISABLED,2107,500,2104,DISABLED,DISABLED,2111,500,2104,DISABLED,DISABLED,2110,500,2104,DISABLED,DISABLED,900,900,1500,N/A,DISABLED,29,914,1680,N/A,ENABLED,29,914,1680,N/A,ENABLED,29,914,1680,N/A,ENABLED,29,914,1680,N/A,ENABLED,22,711,1400,N/A,ENABLED,22,711,1400,N/A,ENABLED,22,711,1400,N/A,ENABLED,22,711,1400,N/A,ENABLED,N/A,47,44,6,180,N/A,N/A,N/A,N/A,ENABLED,2098,500,2100,DISABLED,DISABLED,2097,500,2100,DISABLED,DISABLED,2105,500,2100,DISABLED,DISABLED,2104,500,2100,DISABLED,DISABLED,2102,500,2100,DISABLED,DISABLED,2100,500,2100,DISABLED,DISABLED,2101,500,2100,DISABLED,DISABLED,2106,500,2100,DISABLED,DISABLED,900,900,1500,N/A,DISABLED,29,914,1680,N/A,ENABLED,29,914,1680,N/A,ENABLED,29,914,1680,N/A,ENABLED,29,914,1680,N/A,ENABLED,22,711,1400,N/A,ENABLED,22,711,1400,N/A,ENABLED,22,711,1400,N/A,ENABLED,22,711,1400,N/A,ENABLED,N/A,62,61,7,157,N/A,N/A,N/A,N/A,ENABLED,2105,500,2105,DISABLED,DISABLED,2105,500,2105,DISABLED,DISABLED,2099,500,2105,DISABLED,DISABLED,2107,500,2105,DISABLED,DISABLED,2104,500,2105,DISABLED,DISABLED,2103,500,2105,DISABLED,DISABLED,2110,500,2105,DISABLED,DISABLED,2111,500,2105,DISABLED,DISABLED,900,900,1500,N/A,DISABLED,29,914,1680,N/A,ENABLED,29,914,1680,N/A,ENABLED,29,914,1680,N/A,ENABLED,29,914,1680,N/A,ENABLED,22,711,1400,N/A,ENABLED,22,711,1400,N/A,ENABLED,22,711,1400,N/A,ENABLED,22,711,1400,N/A,ENABLED,N/A,50,47
1743961154,0,169,N/A,N/A,N/A,N/A,ENABLED,2103,500,2103,DISABLED,DISABLED,2097,500,2103,DISABLED,DISABLED,2095,500,2103,DISABLED,DISABLED,2107,500,2103,DISABLED,DISABLED,2107,500,2103,DISABLED,DISABLED,2101,500,2103,DISABLED,DISABLED,2106,500,2103,DISABLED,DISABLED,2114,500,2103,DISABLED,DISABLED,900,900,1500,N/A,DISABLED,29,914,1680,N/A,ENABLED,29,914,1680,N/A,ENABLED,29,914,1680,N/A,ENABLED,29,914,1680,N/A,ENABLED,22,711,1400,N/A,ENABLED,22,711,1400,N/A,ENABLED,22,711,1400,N/A,ENABLED,22,711,1400,N/A,ENABLED,N/A,58,57,1,153,N/A,N/A,N/A,N/A,ENABLED,2106,500,2106,DISABLED,DISABLED,2110,500,2106,DISABLED,DISABLED,2110,500,2106,DISABLED,DISABLED,2103,500,2106,DISABLED,DISABLED,2103,500,2106,DISABLED,DISABLED,2107,500,2106,DISABLED,DISABLED,2100,500,2106,DISABLED,DISABLED,2112,500,2106,DISABLED,DISABLED,900,900,1500,N/A,DISABLED,29,914,1680,N/A,ENABLED,29,914,1680,N/A,ENABLED,29,914,1680,N/A,ENABLED,29,914,1680,N/A,ENABLED,22,711,1400,N/A,ENABLED,22,711,1400,N/A,ENABLED,22,711,1400,N/A,ENABLED,22,711,1400,N/A,ENABLED,N/A,45,44,2,157,N/A,N/A,N/A,N/A,ENABLED,2108,500,2108,DISABLED,DISABLED,2105,500,2108,DISABLED,DISABLED,2102,500,2108,DISABLED,DISABLED,2103,500,2108,DISABLED,DISABLED,2102,500,2108,DISABLED,DISABLED,2098,500,2108,DISABLED,DISABLED,2109,500,2108,DISABLED,DISABLED,2114,500,2108,DISABLED,DISABLED,900,900,1500,N/A,DISABLED,29,914,1680,N/A,ENABLED,29,914,1680,N/A,ENABLED,29,914,1680,N/A,ENABLED,29,914,1680,N/A,ENABLED,22,711,1400,N/A,ENABLED,22,711,1400,N/A,ENABLED,22,711,1400,N/A,ENABLED,22,711,1400,N/A,ENABLED,N/A,47,47,3,180,N/A,N/A,N/A,N/A,ENABLED,2108,500,2108,DISABLED,DISABLED,2110,500,2108,DISABLED,DISABLED,2104,500,2108,DISABLED,DISABLED,2111,500,2108,DISABLED,DISABLED,2096,500,2108,DISABLED,DISABLED,2102,500,2108,DISABLED,DISABLED,2107,500,2108,DISABLED,DISABLED,2107,500,2108,DISABLED,DISABLED,900,900,1500,N/A,DISABLED,29,914,1680,N/A,ENABLED,29,914,1680,N/A,ENABLED,29,914,1680,N/A,ENABLED,29,914,1680,N/A,ENABLED,22,711,1400,N/A,ENABLED,22,711,1400,N/A,ENABLED,22,711,1400,N/A,ENABLED,22,711,1400,N/A,ENABLED,N/A,61,60,4,182,N/A,N/A,N/A,N/A,ENABLED,2101,500,2100,DISABLED,DISABLED,2103,500,2100,DISABLED,DISABLED,2101,500,2100,DISABLED,DISABLED,2099,500,2100,DISABLED,DISABLED,2103,500,2100,DISABLED,DISABLED,2104,500,2100,DISABLED,DISABLED,2098,500,2100,DISABLED,DISABLED,2102,500,2100,DISABLED,DISABLED,900,900,1500,N/A,DISABLED,29,914,1680,N/A,ENABLED,29,914,1680,N/A,ENABLED,29,914,1680,N/A,ENABLED,29,914,1680,N/A,ENABLED,22,711,1400,N/A,ENABLED,22,711,1400,N/A,ENABLED,22,711,1400,N/A,ENABLED,22,711,1400,N/A,ENABLED,N/A,60,58,5,156,N/A,N/A,N/A,N/A,ENABLED,2102,500,2102,DISABLED,DISABLED,2106,500,2102,DISABLED,DISABLED,2097,500,2102,DISABLED,DISABLED,2101,500,2102,DISABLED,DISABLED,2110,500,2102,DISABLED,DISABLED,2105,500,2102,DISABLED,DISABLED,2110,500,2102,DISABLED,DISABLED,2108,500,2102,DISABLED,DISABLED,900,900,1500,N/A,DISABLED,29,914,1680,N/A,ENABLED,29,914,1680,N/A,ENABLED,29,914,1680,N/A,ENABLED,29,914,1680,N/A,ENABLED,22,711,1400,N/A,ENABLED,22,711,1400,N/A,ENABLED,22,711,1400,N/A,ENABLED,22,711,1400,N/A,ENABLED,N/A,46,44,6,178,N/A,N/A,N/A,N/A,ENABLED,2098,500,2100,DISABLED,DISABLED,2096,500,2100,DISABLED,DISABLED,2104,500,2100,DISABLED,DISABLED,2104,500,2100,DISABLED,DISABLED,2102,500,2100,DISABLED,DISABLED,2100,500,2100,DISABLED,DISABLED,2101,500,2100,DISABLED,DISABLED,2105,500,2100,DISABLED,DISABLED,900,900,1500,N/A,DISABLED,29,914,1680,N/A,ENABLED,29,914,1680,N/A,ENABLED,29,914,1680,N/A,ENABLED,29,914,1680,N/A,ENABLED,22,711,1400,N/A,ENABLED,22,711,1400,N/A,ENABLED,22,711,1400,N/A,ENABLED,22,711,1400,N/A,ENABLED,N/A,61,60,7,157,N/A,N/A,N/A,N/A,ENABLED,2105,500,2105,DISABLED,DISABLED,2105,500,2105,DISABLED,DISABLED,2098,500,2105,DISABLED,DISABLED,2106,500,2105,DISABLED,DISABLED,2103,500,2105,DISABLED,DISABLED,2102,500,2105,DISABLED,DISABLED,2110,500,2105,DISABLED,DISABLED,2111,500,2105,DISABLED,DISABLED,900,900,1500,N/A,DISABLED,29,914,1680,N/A,ENABLED,29,914,1680,N/A,ENABLED,29,914,1680,N/A,ENABLED,29,914,1680,N/A,ENABLED,22,711,1400,N/A,ENABLED,22,711,1400,N/A,ENABLED,22,711,1400,N/A,ENABLED,22,711,1400,N/A,ENABLED,N/A,50,47
1743961155,0,167,N/A,N/A,N/A,N/A,ENABLED,2103,500,2103,DISABLED,DISABLED,2098,500,2103,DISABLED,DISABLED,2095,500,2103,DISABLED,DISABLED,2108,500,2103,DISABLED,DISABLED,2107,500,2103,DISABLED,DISABLED,2101,500,2103,DISABLED,DISABLED,2106,500,2103,DISABLED,DISABLED,2115,500,2103,DISABLED,DISABLED,900,900,1500,N/A,DISABLED,29,914,1680,N/A,ENABLED,29,914,1680,N/A,ENABLED,29,914,1680,N/A,ENABLED,29,914,1680,N/A,ENABLED,22,711,1400,N/A,ENABLED,22,711,1400,N/A,ENABLED,22,711,1400,N/A,ENABLED,22,711,1400,N/A,ENABLED,N/A,57,57,1,153,N/A,N/A,N/A,N/A,ENABLED,2106,500,2106,DISABLED,DISABLED,2110,500,2106,DISABLED,DISABLED,2110,500,2106,DISABLED,DISABLED,2103,500,2106,DISABLED,DISABLED,2103,500,2106,DISABLED,DISABLED,2107,500,2106,DISABLED,DISABLED,2101,500,2106,DISABLED,DISABLED,2112,500,2106,DISABLED,DISABLED,900,900,1500,N/A,DISABLED,29,914,1680,N/A,ENABLED,29,914,1680,N/A,ENABLED,29,914,1680,N/A,ENABLED,29,914,1680,N/A,ENABLED,22,711,1400,N/A,ENABLED,22,711,1400,N/A,ENABLED,22,711,1400,N/A,ENABLED,22,711,1400,N/A,ENABLED,N/A,45,44,2,157,N/A,N/A,N/A,N/A,ENABLED,2109,500,2109,DISABLED,DISABLED,2106,500,2109,DISABLED,DISABLED,2103,500,2109,DISABLED,DISABLED,2103,500,2109,DISABLED,DISABLED,2102,500,2109,DISABLED,DISABLED,2099,500,2109,DISABLED,DISABLED,2110,500,2109,DISABLED,DISABLED,2114,500,2109,DISABLED,DISABLED,900,900,1500,N/A,DISABLED,29,914,1680,N/A,ENABLED,29,914,1680,N/A,ENABLED,29,914,1680,N/A,ENABLED,29,914,1680,N/A,ENABLED,22,711,1400,N/A,ENABLED,22,711,1400,N/A,ENABLED,22,711,1400,N/A,ENABLED,22,711,1400,N/A,ENABLED,N/A,46,46,3,178,N/A,N/A,N/A,N/A,ENABLED,2109,500,2109,DISABLED,DISABLED,2110,500,2109,DISABLED,DISABLED,2104,500,2109,DISABLED,DISABLED,2111,500,2109,DISABLED,DISABLED,2097,500,2109,DISABLED,DISABLED,2103,500,2109,DISABLED,DISABLED,2108,500,2109,DISABLED,DISABLED,2108,500,2109,DISABLED,DISABLED,900,900,1500,N/A,DISABLED,29,914,1680,N/A,ENABLED,29,914,1680,N/A,ENABLED,29,914,1680,N/A,ENABLED,29,914,1680,N/A,ENABLED,22,711,1400,N/A,ENABLED,22,711,1400,N/A,ENABLED,22,711,1400,N/A,ENABLED,22,711,1400,N/A,ENABLED,N/A,61,59,4,180,N/A,N/A,N/A,N/A,ENABLED,2103,500,2103,DISABLED,DISABLED,2104,500,2103,DISABLED,DISABLED,2103,500,2103,DISABLED,DISABLED,2100,500,2103,DISABLED,DISABLED,2105,500,2103,DISABLED,DISABLED,2105,500,2103,DISABLED,DISABLED,2099,500,2103,DISABLED,DISABLED,2103,500,2103,DISABLED,DISABLED,900,900,1500,N/A,DISABLED,29,914,1680,N/A,ENABLED,29,914,1680,N/A,ENABLED,29,914,1680,N/A,ENABLED,29,914,1680,N/A,ENABLED,22,711,1400,N/A,ENABLED,22,711,1400,N/A,ENABLED,22,711,1400,N/A,ENABLED,22,711,1400,N/A,ENABLED,N/A,60,58,5,156,N/A,N/A,N/A,N/A,ENABLED,2104,500,2104,DISABLED,DISABLED,2108,500,2104,DISABLED,DISABLED,2099,500,2104,DISABLED,DISABLED,2103,500,2104,DISABLED,DISABLED,2112,500,2104,DISABLED,DISABLED,2107,500,2104,DISABLED,DISABLED,2111,500,2104,DISABLED,DISABLED,2110,500,2104,DISABLED,DISABLED,900,900,1500,N/A,DISABLED,29,914,1680,N/A,ENABLED,29,914,1680,N/A,ENABLED,29,914,1680,N/A,ENABLED,29,914,1680,N/A,ENABLED,22,711,1400,N/A,ENABLED,22,711,1400,N/A,ENABLED,22,711,1400,N/A,ENABLED,22,711,1400,N/A,ENABLED,N/A,46,44,6,177,N/A,N/A,N/A,N/A,ENABLED,2098,500,2100,DISABLED,DISABLED,2097,500,2100,DISABLED,DISABLED,2105,500,2100,DISABLED,DISABLED,2104,500,2100,DISABLED,DISABLED,2103,500,2100,DISABLED,DISABLED,2100,500,2100,DISABLED,DISABLED,2101,500,2100,DISABLED,DISABLED,2105,500,2100,DISABLED,DISABLED,900,900,1500,N/A,DISABLED,29,914,1680,N/A,ENABLED,29,914,1680,N/A,ENABLED,29,914,1680,N/A,ENABLED,29,914,1680,N/A,ENABLED,22,711,1400,N/A,ENABLED,22,711,1400,N/A,ENABLED,22,711,1400,N/A,ENABLED,22,711,1400,N/A,ENABLED,N/A,60,60,7,157,N/A,N/A,N/A,N/A,ENABLED,2105,500,2105,DISABLED,DISABLED,2106,500,2105,DISABLED,DISABLED,2099,500,2105,DISABLED,DISABLED,2107,500,2105,DISABLED,DISABLED,2103,500,2105,DISABLED,DISABLED,2103,500,2105,DISABLED,DISABLED,2111,500,2105,DISABLED,DISABLED,2111,500,2105,DISABLED,DISABLED,900,900,1500,N/A,DISABLED,29,914,1680,N/A,ENABLED,29,914,1680,N/A,ENABLED,29,914,1680,N/A,ENABLED,29,914,1680,N/A,ENABLED,22,711,1400,N/A,ENABLED,22,711,1400,N/A,ENABLED,22,711,1400,N/A,ENABLED,22,711,1400,N/A,ENABLED,N/A,49,46
1743961156,0,167,N/A,N/A,N/A,N/A,ENABLED,2103,500,2103,DISABLED,DISABLED,2098,500,2103,DISABLED,DISABLED,2096,500,2103,DISABLED,DISABLED,2107,500,2103,DISABLED,DISABLED,2108,500,2103,DISABLED,DISABLED,2101,500,2103,DISABLED,DISABLED,2106,500,2103,DISABLED,DISABLED,2115,500,2103,DISABLED,DISABLED,900,900,1500,N/A,DISABLED,29,914,1680,N/A,ENABLED,29,914,1680,N/A,ENABLED,29,914,1680,N/A,ENABLED,29,914,1680,N/A,ENABLED,22,711,1400,N/A,ENABLED,22,711,1400,N/A,ENABLED,22,711,1400,N/A,ENABLED,22,711,1400,N/A,ENABLED,N/A,57,56,1,152,N/A,N/A,N/A,N/A,ENABLED,2106,500,2106,DISABLED,DISABLED,2110,500,2106,DISABLED,DISABLED,2109,500,2106,DISABLED,DISABLED,2104,500,2106,DISABLED,DISABLED,2103,500,2106,DISABLED,DISABLED,2107,500,2106,DISABLED,DISABLED,2101,500,2106,DISABLED,DISABLED,2112,500,2106,DISABLED,DISABLED,900,900,1500,N/A,DISABLED,29,914,1680,N/A,ENABLED,29,914,1680,N/A,ENABLED,29,914,1680,N/A,ENABLED,29,914,1680,N/A,ENABLED,22,711,1400,N/A,ENABLED,22,711,1400,N/A,ENABLED,22,711,1400,N/A,ENABLED,22,711,1400,N/A,ENABLED,N/A,45,43,2,156,N/A,N/A,N/A,N/A,ENABLED,2110,500,2110,DISABLED,DISABLED,2106,500,2110,DISABLED,DISABLED,2102,500,2110,DISABLED,DISABLED,2103,500,2110,DISABLED,DISABLED,2102,500,2110,DISABLED,DISABLED,2099,500,2110,DISABLED,DISABLED,2110,500,2110,DISABLED,DISABLED,2115,500,2110,DISABLED,DISABLED,900,900,1500,N/A,DISABLED,29,914,1680,N/A,ENABLED,29,914,1680,N/A,ENABLED,29,914,1680,N/A,ENABLED,29,914,1680,N/A,ENABLED,22,711,1400,N/A,ENABLED,22,711,1400,N/A,ENABLED,22,711,1400,N/A,ENABLED,22,711,1400,N/A,ENABLED,N/A,46,46,3,178,N/A,N/A,N/A,N/A,ENABLED,2109,500,2109,DISABLED,DISABLED,2110,500,2109,DISABLED,DISABLED,2099,500,2109,DISABLED,DISABLED,2110,500,2109,DISABLED,DISABLED,2097,500,2109,DISABLED,DISABLED,2104,500,2109,DISABLED,DISABLED,2108,500,2109,DISABLED,DISABLED,2108,500,2109,DISABLED,DISABLED,900,900,1500,N/A,DISABLED,29,914,1680,N/A,ENABLED,29,914,1680,N/A,ENABLED,29,914,1680,N/A,ENABLED,29,914,1680,N/A,ENABLED,22,711,1400,N/A,ENABLED,22,711,1400,N/A,ENABLED,22,711,1400,N/A,ENABLED,22,711,1400,N/A,ENABLED,N/A,60,59,4,180,N/A,N/A,N/A,N/A,ENABLED,2102,500,2102,DISABLED,DISABLED,2104,500,2102,DISABLED,DISABLED,2103,500,2102,DISABLED,DISABLED,2099,500,2102,DISABLED,DISABLED,2105,500,2102,DISABLED,DISABLED,2105,500,2102,DISABLED,DISABLED,2099,500,2102,DISABLED,DISABLED,2103,500,2102,DISABLED,DISABLED,900,900,1500,N/A,DISABLED,29,914,1680,N/A,ENABLED,29,914,1680,N/A,ENABLED,29,914,1680,N/A,ENABLED,29,914,1680,N/A,ENABLED,22,711,1400,N/A,ENABLED,22,711,1400,N/A,ENABLED,22,711,1400,N/A,ENABLED,22,711,1400,N/A,ENABLED,N/A,59,57,5,156,N/A,N/A,N/A,N/A,ENABLED,2104,500,2104,DISABLED,DISABLED,2108,500,2104,DISABLED,DISABLED,2099,500,2104,DISABLED,DISABLED,2103,500,2104,DISABLED,DISABLED,2112,500,2104,DISABLED,DISABLED,2107,500,2104,DISABLED,DISABLED,2112,500,2104,DISABLED,DISABLED,2110,500,2104,DISABLED,DISABLED,900,900,1500,N/A,DISABLED,29,914,1680,N/A,ENABLED,29,914,1680,N/A,ENABLED,29,914,1680,N/A,ENABLED,29,914,1680,N/A,ENABLED,22,711,1400,N/A,ENABLED,22,711,1400,N/A,ENABLED,22,711,1400,N/A,ENABLED,22,711,1400,N/A,ENABLED,N/A,45,43,6,177,N/A,N/A,N/A,N/A,ENABLED,2098,500,2100,DISABLED,DISABLED,2097,500,2100,DISABLED,DISABLED,2105,500,2100,DISABLED,DISABLED,2104,500,2100,DISABLED,DISABLED,2103,500,2100,DISABLED,DISABLED,2100,500,2100,DISABLED,DISABLED,2102,500,2100,DISABLED,DISABLED,2105,500,2100,DISABLED,DISABLED,900,900,1500,N/A,DISABLED,29,914,1680,N/A,ENABLED,29,914,1680,N/A,ENABLED,29,914,1680,N/A,ENABLED,29,914,1680,N/A,ENABLED,22,711,1400,N/A,ENABLED,22,711,1400,N/A,ENABLED,22,711,1400,N/A,ENABLED,22,711,1400,N/A,ENABLED,N/A,60,59,7,157,N/A,N/A,N/A,N/A,ENABLED,2105,500,2105,DISABLED,DISABLED,2106,500,2105,DISABLED,DISABLED,2099,500,2105,DISABLED,DISABLED,2107,500,2105,DISABLED,DISABLED,2103,500,2105,DISABLED,DISABLED,2103,500,2105,DISABLED,DISABLED,2110,500,2105,DISABLED,DISABLED,2111,500,2105,DISABLED,DISABLED,900,900,1500,N/A,DISABLED,29,914,1680,N/A,ENABLED,29,914,1680,N/A,ENABLED,29,914,1680,N/A,ENABLED,29,914,1680,N/A,ENABLED,22,711,1400,N/A,ENABLED,22,711,1400,N/A,ENABLED,22,711,1400,N/A,ENABLED,22,711,1400,N/A,ENABLED,N/A,49,45
1743961157,0,166,N/A,N/A,N/A,N/A,ENABLED,2103,500,2103,DISABLED,DISABLED,2098,500,2103,DISABLED,DISABLED,2095,500,2103,DISABLED,DISABLED,2107,500,2103,DISABLED,DISABLED,2107,500,2103,DISABLED,DISABLED,2101,500,2103,DISABLED,DISABLED,2107,500,2103,DISABLED,DISABLED,2115,500,2103,DISABLED,DISABLED,900,900,1500,N/A,DISABLED,29,914,1680,N/A,ENABLED,29,914,1680,N/A,ENABLED,29,914,1680,N/A,ENABLED,29,914,1680,N/A,ENABLED,22,711,1400,N/A,ENABLED,22,711,1400,N/A,ENABLED,22,711,1400,N/A,ENABLED,22,711,1400,N/A,ENABLED,N/A,56,56,1,153,N/A,N/A,N/A,N/A,ENABLED,2106,500,2106,DISABLED,DISABLED,2109,500,2106,DISABLED,DISABLED,2110,500,2106,DISABLED,DISABLED,2104,500,2106,DISABLED,DISABLED,2104,500,2106,DISABLED,DISABLED,2107,500,2106,DISABLED,DISABLED,2100,500,2106,DISABLED,DISABLED,2112,500,2106,DISABLED,DISABLED,900,900,1500,N/A,DISABLED,29,914,1680,N/A,ENABLED,29,914,1680,N/A,ENABLED,29,914,1680,N/A,ENABLED,29,914,1680,N/A,ENABLED,22,711,1400,N/A,ENABLED,22,711,1400,N/A,ENABLED,22,711,1400,N/A,ENABLED,22,711,1400,N/A,ENABLED,N/A,44,43,2,156,N/A,N/A,N/A,N/A,ENABLED,2109,500,2109,DISABLED,DISABLED,2105,500,2109,DISABLED,DISABLED,2103,500,2109,DISABLED,DISABLED,2103,500,2109,DISABLED,DISABLED,2102,500,2109,DISABLED,DISABLED,2099,500,2109,DISABLED,DISABLED,2110,500,2109,DISABLED,DISABLED,2115,500,2109,DISABLED,DISABLED,900,900,1500,N/A,DISABLED,29,914,1680,N/A,ENABLED,29,914,1680,N/A,ENABLED,29,914,1680,N/A,ENABLED,29,914,1680,N/A,ENABLED,22,711,1400,N/A,ENABLED,22,711,1400,N/A,ENABLED,22,711,1400,N/A,ENABLED,22,711,1400,N/A,ENABLED,N/A,45,46,3,177,N/A,N/A,N/A,N/A,ENABLED,2109,500,2109,DISABLED,DISABLED,2110,500,2109,DISABLED,DISABLED,2098,500,2109,DISABLED,DISABLED,2111,500,2109,DISABLED,DISABLED,2097,500,2109,DISABLED,DISABLED,2104,500,2109,DISABLED,DISABLED,2108,500,2109,DISABLED,DISABLED,2108,500,2109,DISABLED,DISABLED,900,900,1500,N/A,DISABLED,29,914,1680,N/A,ENABLED,29,914,1680,N/A,ENABLED,29,914,1680,N/A,ENABLED,29,914,1680,N/A,ENABLED,22,711,1400,N/A,ENABLED,22,711,1400,N/A,ENABLED,22,711,1400,N/A,ENABLED,22,711,1400,N/A,ENABLED,N/A,60,58,4,179,N/A,N/A,N/A,N/A,ENABLED,2103,500,2103,DISABLED,DISABLED,2105,500,2103,DISABLED,DISABLED,2103,500,2103,DISABLED,DISABLED,2099,500,2103,DISABLED,DISABLED,2105,500,2103,DISABLED,DISABLED,2106,500,2103,DISABLED,DISABLED,2101,500,2103,DISABLED,DISABLED,2103,500,2103,DISABLED,DISABLED,900,900,1500,N/A,DISABLED,29,914,1680,N/A,ENABLED,29,914,1680,N/A,ENABLED,29,914,1680,N/A,ENABLED,29,914,1680,N/A,ENABLED,22,711,1400,N/A,ENABLED,22,711,1400,N/A,ENABLED,22,711,1400,N/A,ENABLED,22,711,1400,N/A,ENABLED,N/A,59,57,5,155,N/A,N/A,N/A,N/A,ENABLED,2104,500,2104,DISABLED,DISABLED,2108,500,2104,DISABLED,DISABLED,2100,500,2104,DISABLED,DISABLED,2103,500,2104,DISABLED,DISABLED,2113,500,2104,DISABLED,DISABLED,2107,500,2104,DISABLED,DISABLED,2112,500,2104,DISABLED,DISABLED,2110,500,2104,DISABLED,DISABLED,900,900,1500,N/A,DISABLED,29,914,1680,N/A,ENABLED,29,914,1680,N/A,ENABLED,29,914,1680,N/A,ENABLED,29,914,1680,N/A,ENABLED,22,711,1400,N/A,ENABLED,22,711,1400,N/A,ENABLED,22,711,1400,N/A,ENABLED,22,711,1400,N/A,ENABLED,N/A,45,43,6,176,N/A,N/A,N/A,N/A,ENABLED,2098,500,2100,DISABLED,DISABLED,2097,500,2100,DISABLED,DISABLED,2105,500,2100,DISABLED,DISABLED,2105,500,2100,DISABLED,DISABLED,2103,500,2100,DISABLED,DISABLED,2100,500,2100,DISABLED,DISABLED,2102,500,2100,DISABLED,DISABLED,2105,500,2100,DISABLED,DISABLED,900,900,1500,N/A,DISABLED,29,914,1680,N/A,ENABLED,29,914,1680,N/A,ENABLED,29,914,1680,N/A,ENABLED,29,914,1680,N/A,ENABLED,22,711,1400,N/A,ENABLED,22,711,1400,N/A,ENABLED,22,711,1400,N/A,ENABLED,22,711,1400,N/A,ENABLED,N/A,59,59,7,157,N/A,N/A,N/A,N/A,ENABLED,2105,500,2105,DISABLED,DISABLED,2106,500,2105,DISABLED,DISABLED,2099,500,2105,DISABLED,DISABLED,2107,500,2105,DISABLED,DISABLED,2103,500,2105,DISABLED,DISABLED,2103,500,2105,DISABLED,DISABLED,2111,500,2105,DISABLED,DISABLED,2112,500,2105,DISABLED,DISABLED,900,900,1500,N/A,DISABLED,29,914,1680,N/A,ENABLED,29,914,1680,N/A,ENABLED,29,914,1680,N/A,ENABLED,29,914,1680,N/A,ENABLED,22,711,1400,N/A,ENABLED,22,711,1400,N/A,ENABLED,22,711,1400,N/A,ENABLED,22,711,1400,N/A,ENABLED,N/A,48,45
1743961159,0,165,N/A,N/A,N/A,N/A,ENABLED,2101,500,2100,DISABLED,DISABLED,2095,500,2100,DISABLED,DISABLED,2094,500,2100,DISABLED,DISABLED,2105,500,2100,DISABLED,DISABLED,2105,500,2100,DISABLED,DISABLED,2098,500,2100,DISABLED,DISABLED,2105,500,2100,DISABLED,DISABLED,2113,500,2100,DISABLED,DISABLED,900,900,1500,N/A,DISABLED,29,914,1680,N/A,ENABLED,29,914,1680,N/A,ENABLED,29,914,1680,N/A,ENABLED,29,914,1680,N/A,ENABLED,22,711,1400,N/A,ENABLED,22,711,1400,N/A,ENABLED,22,711,1400,N/A,ENABLED,22,711,1400,N/A,ENABLED,N/A,56,55,1,151,N/A,N/A,N/A,N/A,ENABLED,2105,500,2105,DISABLED,DISABLED,2109,500,2105,DISABLED,DISABLED,2108,500,2105,DISABLED,DISABLED,2103,500,2105,DISABLED,DISABLED,2102,500,2105,DISABLED,DISABLED,2106,500,2105,DISABLED,DISABLED,2099,500,2105,DISABLED,DISABLED,2111,500,2105,DISABLED,DISABLED,900,900,1500,N/A,DISABLED,29,914,1680,N/A,ENABLED,29,914,1680,N/A,ENABLED,29,914,1680,N/A,ENABLED,29,914,1680,N/A,ENABLED,22,711,1400,N/A,ENABLED,22,711,1400,N/A,ENABLED,22,711,1400,N/A,ENABLED,22,711,1400,N/A,ENABLED,N/A,44,43,2,155,N/A,N/A,N/A,N/A,ENABLED,2106,500,2107,DISABLED,DISABLED,2103,500,2107,DISABLED,DISABLED,2099,500,2107,DISABLED,DISABLED,2100,500,2107,DISABLED,DISABLED,2099,500,2107,DISABLED,DISABLED,2095,500,2107,DISABLED,DISABLED,2106,500,2107,DISABLED,DISABLED,2112,500,2107,DISABLED,DISABLED,900,900,1500,N/A,DISABLED,29,914,1680,N/A,ENABLED,29,914,1680,N/A,ENABLED,29,914,1680,N/A,ENABLED,29,914,1680,N/A,ENABLED,22,711,1400,N/A,ENABLED,22,711,1400,N/A,ENABLED,22,711,1400,N/A,ENABLED,22,711,1400,N/A,ENABLED,N/A,45,45,3,177,N/A,N/A,N/A,N/A,ENABLED,2106,500,2106,DISABLED,DISABLED,2108,500,2106,DISABLED,DISABLED,2097,500,2106,DISABLED,DISABLED,2108,500,2106,DISABLED,DISABLED,2095,500,2106,DISABLED,DISABLED,2102,500,2106,DISABLED,DISABLED,2105,500,2106,DISABLED,DISABLED,2105,500,2106,DISABLED,DISABLED,900,900,1500,N/A,DISABLED,29,914,1680,N/A,ENABLED,29,914,1680,N/A,ENABLED,29,914,1680,N/A,ENABLED,29,914,1680,N/A,ENABLED,22,711,1400,N/A,ENABLED,22,711,1400,N/A,ENABLED,22,711,1400,N/A,ENABLED,22,711,1400,N/A,ENABLED,N/A,59,58,4,178,N/A,N/A,N/A,N/A,ENABLED,2095,500,2100,DISABLED,DISABLED,2097,500,2100,DISABLED,DISABLED,2095,500,2100,DISABLED,DISABLED,2092,500,2100,DISABLED,DISABLED,2096,500,2100,DISABLED,DISABLED,2098,500,2100,DISABLED,DISABLED,2097,500,2100,DISABLED,DISABLED,2097,500,2100,DISABLED,DISABLED,900,900,1500,N/A,DISABLED,29,914,1680,N/A,ENABLED,29,914,1680,N/A,ENABLED,29,914,1680,N/A,ENABLED,29,914,1680,N/A,ENABLED,22,711,1400,N/A,ENABLED,22,711,1400,N/A,ENABLED,22,711,1400,N/A,ENABLED,22,711,1400,N/A,ENABLED,N/A,58,57,5,155,N/A,N/A,N/A,N/A,ENABLED,2092,500,2100,DISABLED,DISABLED,2096,500,2100,DISABLED,DISABLED,2088,500,2100,DISABLED,DISABLED,2092,500,2100,DISABLED,DISABLED,2101,500,2100,DISABLED,DISABLED,2096,500,2100,DISABLED,DISABLED,2099,500,2100,DISABLED,DISABLED,2098,500,2100,DISABLED,DISABLED,900,900,1500,N/A,DISABLED,29,914,1680,N/A,ENABLED,29,914,1680,N/A,ENABLED,29,914,1680,N/A,ENABLED,29,914,1680,N/A,ENABLED,22,711,1400,N/A,ENABLED,22,711,1400,N/A,ENABLED,22,711,1400,N/A,ENABLED,22,711,1400,N/A,ENABLED,N/A,44,42,6,176,N/A,N/A,N/A,N/A,ENABLED,2094,500,2100,DISABLED,DISABLED,2092,500,2100,DISABLED,DISABLED,2100,500,2100,DISABLED,DISABLED,2100,500,2100,DISABLED,DISABLED,2098,500,2100,DISABLED,DISABLED,2095,500,2100,DISABLED,DISABLED,2097,500,2100,DISABLED,DISABLED,2101,500,2100,DISABLED,DISABLED,900,900,1500,N/A,DISABLED,29,914,1680,N/A,ENABLED,29,914,1680,N/A,ENABLED,29,914,1680,N/A,ENABLED,29,914,1680,N/A,ENABLED,22,711,1400,N/A,ENABLED,22,711,1400,N/A,ENABLED,22,711,1400,N/A,ENABLED,22,711,1400,N/A,ENABLED,N/A,59,58,7,156,N/A,N/A,N/A,N/A,ENABLED,2101,500,2100,DISABLED,DISABLED,2103,500,2100,DISABLED,DISABLED,2096,500,2100,DISABLED,DISABLED,2103,500,2100,DISABLED,DISABLED,2100,500,2100,DISABLED,DISABLED,2099,500,2100,DISABLED,DISABLED,2106,500,2100,DISABLED,DISABLED,2107,500,2100,DISABLED,DISABLED,900,900,1500,N/A,DISABLED,29,914,1680,N/A,ENABLED,29,914,1680,N/A,ENABLED,29,914,1680,N/A,ENABLED,29,914,1680,N/A,ENABLED,22,711,1400,N/A,ENABLED,22,711,1400,N/A,ENABLED,22,711,1400,N/A,ENABLED,22,711,1400,N/A,ENABLED,N/A,48,45
1743961160,0,165,N/A,N/A,N/A,N/A,ENABLED,2103,500,2103,DISABLED,DISABLED,2098,500,2103,DISABLED,DISABLED,2096,500,2103,DISABLED,DISABLED,2107,500,2103,DISABLED,DISABLED,2107,500,2103,DISABLED,DISABLED,2101,500,2103,DISABLED,DISABLED,2107,500,2103,DISABLED,DISABLED,2115,500,2103,DISABLED,DISABLED,900,900,1500,N/A,DISABLED,29,914,1680,N/A,ENABLED,29,914,1680,N/A,ENABLED,29,914,1680,N/A,ENABLED,29,914,1680,N/A,ENABLED,22,711,1400,N/A,ENABLED,22,711,1400,N/A,ENABLED,22,711,1400,N/A,ENABLED,22,711,1400,N/A,ENABLED,N/A,56,55,1,152,N/A,N/A,N/A,N/A,ENABLED,2105,500,2105,DISABLED,DISABLED,2110,500,2105,DISABLED,DISABLED,2110,500,2105,DISABLED,DISABLED,2104,500,2105,DISABLED,DISABLED,2103,500,2105,DISABLED,DISABLED,2107,500,2105,DISABLED,DISABLED,2101,500,2105,DISABLED,DISABLED,2112,500,2105,DISABLED,DISABLED,900,900,1500,N/A,DISABLED,29,914,1680,N/A,ENABLED,29,914,1680,N/A,ENABLED,29,914,1680,N/A,ENABLED,29,914,1680,N/A,ENABLED,22,711,1400,N/A,ENABLED,22,711,1400,N/A,ENABLED,22,711,1400,N/A,ENABLED,22,711,1400,N/A,ENABLED,N/A,44,42,2,155,N/A,N/A,N/A,N/A,ENABLED,2109,500,2109,DISABLED,DISABLED,2106,500,2109,DISABLED,DISABLED,2103,500,2109,DISABLED,DISABLED,2103,500,2109,DISABLED,DISABLED,2103,500,2109,DISABLED,DISABLED,2099,500,2109,DISABLED,DISABLED,2109,500,2109,DISABLED,DISABLED,2115,500,2109,DISABLED,DISABLED,900,900,1500,N/A,DISABLED,29,914,1680,N/A,ENABLED,29,914,1680,N/A,ENABLED,29,914,1680,N/A,ENABLED,29,914,1680,N/A,ENABLED,22,711,1400,N/A,ENABLED,22,711,1400,N/A,ENABLED,22,711,1400,N/A,ENABLED,22,711,1400,N/A,ENABLED,N/A,45,45,3,176,N/A,N/A,N/A,N/A,ENABLED,2109,500,2109,DISABLED,DISABLED,2110,500,2109,DISABLED,DISABLED,2099,500,2109,DISABLED,DISABLED,2111,500,2109,DISABLED,DISABLED,2097,500,2109,DISABLED,DISABLED,2104,500,2109,DISABLED,DISABLED,2106,500,2109,DISABLED,DISABLED,2107,500,2109,DISABLED,DISABLED,900,900,1500,N/A,DISABLED,29,914,1680,N/A,ENABLED,29,914,1680,N/A,ENABLED,29,914,1680,N/A,ENABLED,29,914,1680,N/A,ENABLED,22,711,1400,N/A,ENABLED,22,711,1400,N/A,ENABLED,22,711,1400,N/A,ENABLED,22,711,1400,N/A,ENABLED,N/A,59,57,4,178,N/A,N/A,N/A,N/A,ENABLED,2103,500,2103,DISABLED,DISABLED,2105,500,2103,DISABLED,DISABLED,2103,500,2103,DISABLED,DISABLED,2100,500,2103,DISABLED,DISABLED,2106,500,2103,DISABLED,DISABLED,2106,500,2103,DISABLED,DISABLED,2104,500,2103,DISABLED,DISABLED,2105,500,2103,DISABLED,DISABLED,900,900,1500,N/A,DISABLED,29,914,1680,N/A,ENABLED,29,914,1680,N/A,ENABLED,29,914,1680,N/A,ENABLED,29,914,1680,N/A,ENABLED,22,711,1400,N/A,ENABLED,22,711,1400,N/A,ENABLED,22,711,1400,N/A,ENABLED,22,711,1400,N/A,ENABLED,N/A,58,56,5,155,N/A,N/A,N/A,N/A,ENABLED,2104,500,2104,DISABLED,DISABLED,2108,500,2104,DISABLED,DISABLED,2100,500,2104,DISABLED,DISABLED,2104,500,2104,DISABLED,DISABLED,2112,500,2104,DISABLED,DISABLED,2107,500,2104,DISABLED,DISABLED,2111,500,2104,DISABLED,DISABLED,2110,500,2104,DISABLED,DISABLED,900,900,1500,N/A,DISABLED,29,914,1680,N/A,ENABLED,29,914,1680,N/A,ENABLED,29,914,1680,N/A,ENABLED,29,914,1680,N/A,ENABLED,22,711,1400,N/A,ENABLED,22,711,1400,N/A,ENABLED,22,711,1400,N/A,ENABLED,22,711,1400,N/A,ENABLED,N/A,44,42,6,175,N/A,N/A,N/A,N/A,ENABLED,2099,500,2100,DISABLED,DISABLED,2097,500,2100,DISABLED,DISABLED,2105,500,2100,DISABLED,DISABLED,2105,500,2100,DISABLED,DISABLED,2103,500,2100,DISABLED,DISABLED,2100,500,2100,DISABLED,DISABLED,2101,500,2100,DISABLED,DISABLED,2106,500,2100,DISABLED,DISABLED,900,900,1500,N/A,DISABLED,29,914,1680,N/A,ENABLED,29,914,1680,N/A,ENABLED,29,914,1680,N/A,ENABLED,29,914,1680,N/A,ENABLED,22,711,1400,N/A,ENABLED,22,711,1400,N/A,ENABLED,22,711,1400,N/A,ENABLED,22,711,1400,N/A,ENABLED,N/A,58,58,7,156,N/A,N/A,N/A,N/A,ENABLED,2105,500,2105,DISABLED,DISABLED,2106,500,2105,DISABLED,DISABLED,2099,500,2105,DISABLED,DISABLED,2107,500,2105,DISABLED,DISABLED,2103,500,2105,DISABLED,DISABLED,2103,500,2105,DISABLED,DISABLED,2109,500,2105,DISABLED,DISABLED,2111,500,2105,DISABLED,DISABLED,900,900,1500,N/A,DISABLED,29,914,1680,N/A,ENABLED,29,914,1680,N/A,ENABLED,29,914,1680,N/A,ENABLED,29,914,1680,N/A,ENABLED,22,711,1400,N/A,ENABLED,22,711,1400,N/A,ENABLED,22,711,1400,N/A,ENABLED,22,711,1400,N/A,ENABLED,N/A,48,45
